""	"67.AV770T"	"35.AV590"	"25.AV608"	"18.AV863"	"06.AV996"	"91.AV609"	"19.AV864"	"79.AV567"	"82.AV579"	"55.AV717T"	"40.AV521"	"10.AV587"	"12.AV596"	"01.AV967"	"34.AV589"	"03.AV971"	"49.AV555T"	"84.AV803"	"52.AV612TA"	"68.AV791T"	"94.AV802"	"24.AV580"	"69.AV782.2T"	"93.AV611"	"44.AV543"	"36.AV591"	"75.AV794TA"	"80.AV568"	"66.AV604T"	"04.AV972"	"02.AV968"	"45.AV571"	"92.AV610"	"08.AV583"	"76.AV833T"	"56.AV718T"	"17.AV817"	"11.AV588"	"50.AV555TA"	"53.AV650T"	"71.AV604TA"	"81.AV570"	"70.AV794T"	"86.AV866"	"54.AV650TA"	"42.AV541"	"73.AV791TA"	"74.AV782.2TA"	"43.AV542"	"83.AV814"	"13.AV597"	"05.AV974"	"09.AV584"	"41.AV527"	"51.AV612T"	"32.AV572"	"85.AV865"	"33.AV586"	"37.AV598"	"16.AV816"	"48.AV551T"	"72.AV770TA"
"f__Acidaminococcaceae"	0	0	0	0	0	0	0	0	0	0	0	0	0	0	0	0	0	0	0	0	0	0	0	0	0	0	0	0	0	0	0	0	0	0	0	0	0	0	0	0	0	0	0	0	0.0015230204541647	0	0	0	0	0	0	0	0	0	0	0	0	0	0	0	0	0
"f__Actinomycetaceae"	0	0	0	0	0	0	0	0	0	0	0	0	0	0.0220994475138122	0	0	0	0	0	0	0	0	0	0	0.00253523983368827	0	0	0	0	0	0	0	0	0	0	0	0	0	0	0	0	0	0	0	0	0	0	0	0	0	0	0	0	0	0	0	0	0	0	0	0	0
"f__Aeromonadaceae"	0	0	0	0	0	0	0	0	0	0	0	0	0	0	0	0	0	0	0	0	0	0	0	0	0	0	0	0	0	0	0	0	0	0	0	0	0	0	0	0	0	0	0	0	0	0	0	0	0	0	0	0	0	0	0	0	0	0	0	0	0	0
"f__Anaeroplasmataceae"	0.479338325135499	0.50878586319865	0.00264015946563172	0.375435773665862	0.367994268407855	0.0716608055205361	2.33088421586015	0.120704760050618	0.208433207578631	0.00807376188861438	0.619889211289897	0.661533076653833	0.378476704612135	0.883977900552486	0.311748161702416	0.618593778097465	0.0496163006086266	0.551782682512733	0.0729349003917646	1.00355343824437	0.447728596389051	0.298929866454409	0.512479570071193	0.243914833070786	0.534935604908224	0.252772527497552	0.366925505589214	1.21219008655795	0.0946231771123233	1.36163291006402	0.654307524536532	0.472194156339567	0.0888807857973062	0.0167263238885358	0.0727398683754763	0.0962262572169693	1.08135252761969	0.272020725388601	0.118513698789301	0.608145599822439	0.0403644331680314	2.38335210766586	0.601130268888809	1.85602038649395	1.01890068383618	0.581838508054271	1.02201414483514	0.509187513836617	0.740948760044932	1.5909762584967	0.181851806189126	0.573330867394119	0.844994254039073	0.205927586476553	0.122612960450798	0.601971290599987	3.11409467487147	0.37093933830417	0.119345093797785	0.454125899944619	0.532369627729852	0.3757457038554
"f__Aurantimonadaceae"	0	0	0	0	0	0	0	0	0	0	0	0	0	0	0	0	0	0	0	0	0	0	0	0	0	0	0	0	0	0	0	0	0	0	0	0	0	0	0	0	0	0	0	0	0	0	0	0	0	0	0	0	0	0	0	0	0	0	0	0	0	0
"f__Bacillaceae 1"	0	0	0	0	0	0	0	0	0	0	0	0	0.0381410632554864	0.104183109707972	0	0	0	0	0	0	0	0	0	0	0	0	0	0	0	0	0	0	0	0.00334526477770716	0	0	0	0	0	0	0	0	0	0	0	0	0	0	0	0	0.00308223400320552	0.00369890882189754	0.00675995403231258	0	0	0	0	0	0	0.00369208048735462	0	0
"f__Bacteroidaceae"	0.952410789811711	0.230815050134021	0.525391733660714	0.251407884151247	0.325658644608721	0.520204366000929	2.5133012414492	1.37642363477076	0.295975154761657	1.07058082643027	1.39427968496816	0.994049702485124	0.803896256307945	0.925019731649566	0.836976042831487	0.597014925373135	1.41902619740672	0.577902572809194	8.408352088022	1.08750829786403	0.666132789749563	0.214026709118245	0.698080279232112	0.599623964632349	0.826488185782375	0.958713820508733	0.339192763887704	0.69132715874008	2.36001335856619	1.06779305278623	0.78364738403794	0.835103202259933	1.00275758335422	0.749339310206403	0.876342223761691	5.03305162747887	0.37830599263475	0.52461139896373	1.73355331954547	3.23382532460326	1.76258024833737	0.798897254994961	0.511140707677909	0.836695689105968	1.34635008148159	0.848620356725443	1.02599860543879	0.575603276510959	0.874881188974337	0.440843266673234	1.35001849340402	0.417976696874422	1.23031163388089	1.39457289575893	14.1291871021601	0.545743203016472	1.56104318175764	1.44628873318596	0.458732704285235	0.402436773121654	1.02588015854512	0.562728163119936
"f__Bdellovibrionaceae"	0.595256743632319	0.134021642013303	0.047522870381371	0.251407884151247	0.0553619695834826	0.12606993563798	0.461109703572333	0.169376034264577	0.152156241532401	0.221221075748034	0.331612465614048	0.672033601680084	0.234714235418378	0.489344909234412	0.0474399376503677	0.176227297248696	1.05186557290288	0.205694136084628	0.154205217971159	0.486157210355734	0.131042516016308	0.0831343415583267	0.803346353084573	0.0558971492453885	0.291552580874151	0.0979208890305832	0.40532468640669	0.475405799571945	0.105755315596126	0.514219750236121	0.0887626486774365	0.125780976142854	0.16180861004125	0.448265480212759	0.270176653966055	0.330516274788721	0.468697689989956	0.346502590673575	0.820300699463203	0.277438686050383	0.126859647099527	0.478745479338353	0.489543212987293	0.152898704608197	0.528488097595151	0.292189643782713	0.364578145233589	0.7144725984664	0.252743454592586	0.241355531474732	0.151029466157071	0.0776770852598483	0.162238896775502	0.208534264786383	0.0756548053845351	0.0727657604021962	0.372945470044487	0.206077410168983	0.082049751985977	0.14399113900683	0.264241859019196	0.550262665835634
"f__Bifidobacteriaceae"	0	0	0	0	0	0	0	0	0	0	0	0	0	0	0	0	0	0	0	0	0	0	0	0	0	0	0	0	0	0	0	0	0	0	0	0	0	0	0	0	0	0	0	0	0	0	0	0	0	0	0	0	0	0	0	0	0.00266389621460348	0	0	0	0	0
"f__Bradyrhizobiaceae"	0	0	0.00132007973281586	0	0	0.001327051954084	0	0	0.00625299622735894	0.0064590095108915	0.00565248520933037	0.00700035001750087	0	0.00315706393054459	0	0	0.258004763164859	0.00326498628705759	0	0.00390487719161232	0.0509609784507862	0.00353763155567348	0	0	0.0076057195010648	0	0	0	0.00556606924190136	0	0	0	0	0	0	0	0	0	0.0836567285571538	0.0288536233492399	0	0	0	0	0.0030460409083294	0.00508155902230804	0	0	0	0	0	0	0	0.023460104788468	0.0130439319628509	0	0	0	0.00372953418118077	0	0.209839123338774	0.00534235597898673
"f__Brevibacteriaceae"	0	0	0	0	0	0	0.0608056751963517	0	0	0	0	0	0	0	0	0	0	0	0	0	0	0	0	0	0	0	0	0	0	0	0	0	0	0	0	0.0209187515689064	0	0	0	0	0	0	0	0	0	0	0	0	0	0	0	0	0	0	0	0	0	0	0	0	0	0
"f__Burkholderiaceae"	0.0469939534446568	0.00496376451901122	0.0343220730532124	0.0335210512201663	0.045592210245221	0.0491009223011081	0.238155561185711	0.00194685096855836	0.00833732830314526	0.416606113452502	0.00376832347288691	0.0175008750437522	0.0264053514845675	0.0347277032359905	0.0271085358002101	0.107894263621651	6.466657845991	0.0914196160376126	0.018754688672168	0.0156195087664493	4.26252184041934	0.194569735562041	0.00277015983822267	0.0304893541338483	0.0177466788358179	0.0273267597294651	0.0127997269391586	0.0132583290717276	0.0306133808304575	0.00524714030853185	0.0152164540589891	0.0268057818009361	0.0205109505686091	0.0401431773324859	0.103914097679252	0.49368253702619	0	0.00647668393782383	2.16810354843957	0.13760958828099	0.00961057932572175	0.00296436829311674	0.0107987473453079	0.0339774899129327	0.0533057158957645	0.00508155902230804	0.00398446060364578	0.00402519773783887	0.0086408018664132	0.0147768692739632	0	0	0.00337997701615629	0.00521335661965957	0.0860899509548158	0	0	0.101165274082956	0	0	3.99082925312816	0.00356157065265782
"f__Campylobacteraceae"	0	0	0	0	0	0	0	0	0	0	0	0	0	0	0	0	0	0	0	0	0	0	0	0	0	0	0	0	0	0	0	0	0	0	0	0	0	0	0	0	0	0	0	0	0	0	0	0	0	0	0	0	0	0	0	0	0	0	0	0	0	0
"f__Candidatus Carsonella"	0	0	0	0	0	0	0	0	0	0	0	0	0	0	0	0	0	0	0	0	0	0	0	0	0	0	0	0	0	0	0	0	0	0	0	0	0	0	0	0	0	0	0	0	0	0	0	0	0	0	0	0	0	0	0	0	0	0	0	0	0	0
"f__Carnobacteriaceae"	0	0	0	0.00670421024403325	0	0	0	0	0	0	0	0	0	0	0	0	0	0	0	0	0	0	0	0	0	0	0	0	0	0	0	0	0	0	0	0	0	0	0	0.00443901897680613	0	0	0	0	0	0	0	0	0	0	0	0	0	0	0	0	0	0	0	0	0.0194295484572939	0
"f__Chitinophagaceae"	0.0125317209185751	0	0.00132007973281586	0	0	0.00663525977042001	0	0	0.00208433207578631	0.0242212856658431	0	0	0	0	0	0	0.727705742259857	0	0	0	0.029120559114735	0.00884407888918369	0	0.00254077951115402	0	0.00455445995491085	0	0	0.0166982077257041	0	0	0	0	0	0	0.0418375031378127	0	0	0.171961053145261	0.0133170569304184	0.00192211586514435	0	0	0	0.0045690613624941	0	0	0	0	0	0.00308223400320552	0	0	0	0.0313054367108421	0	0	0.0224811720184346	0	0	0.248698220253361	0.00534235597898673
"f__Chloroplast"	0	0	0	0	0	0.00796231172450401	0	0	0.0104216603789316	0	0	0	0	0.00315706393054459	0	0	0	0	0	0	0	0.00176881577783674	0	0	0	0	0	0	0	0	0	0	0	0	0	0	0	0	0	0	0	0	0	0	0	0	0	0	0	0	0	0	0	0	0	0	0	0	0	0	0	0
"f__Clostridiales_Incertae Sedis XI"	0	0	0	0	0	0	0	0	0	0	0	0	0	0	0	0	0	0	0	0	0	0	0	0	0	0	0	0	0	0	0	0	0	0	0	0	0	0	0	0	0	0	0	0	0	0	0	0	0	0	0	0	0	0	0	0	0	0	0	0	0	0
"f__Comamonadaceae"	0	0	0	0	0	0	0	0	0	0	0	0	0	0	0	0	0	0	0	0	0	0.00176881577783674	0	0	0	0	0	0	0	0	0	0	0	0.00334526477770716	0	0	0	0	0	0	0	0	0	0	0	0	0	0	0	0	0	0	0	0	0	0	0	0	0	0	0	0
"f__Coriobacteriaceae"	0.0156646511482189	0	0.0884453420986628	0.0301689460981497	0.0195395186765233	0.120761727821644	0.0152014187990879	0.0506181251825173	0.07920461887988	0.0968851426633726	0.118702189395937	0.105005250262513	0.0586785588545945	0.208366219415943	0.0101657009250788	0.255349757237907	0.482931992590633	0.0261198902964608	0.116695840626824	0.0292865789370924	0.134682585905649	0.136198814893429	0.0193911188675586	0.0711418263123126	0.0887333941790893	0.00910891990982169	0.0554654834030207	0.00378809402049359	0.0473115885561616	0.0734599643194459	0.0557936648829601	0.032991731447306	0.0660908407210739	0.0936674137758004	0.200900588846554	0.983181323738599	0.0736524941412789	0.0550518134715026	0.123161294820254	0.0155365664188214	0.071118287010341	0.0133396573190253	0.0467945718296678	0.0212359311955829	0.0380755113541175	0.0813049443569287	0.105588205996613	0.00603779660675831	0.0691264149313056	0.0147768692739632	0.157193934163482	0.0554836323284631	0.0439397012100318	0.0521335661965957	0.106960242095377	0.0198452073824172	0.0186472735022243	0.157368204129042	0.0522134785365308	0.0443049658482555	0.769410118908837	0.119312616864037
"f__Corynebacteriaceae"	0	0	0	0	0	0	0.00506713959969597	0	0	0	0	0	0	0	0	0	0	0	0	0	0	0	0	0	0	0	0	0	0	0	0	0	0	0	0	0	0	0	0	0	0	0	0	0	0	0	0	0	0	0	0	0	0	0	0	0	0	0	0	0	0	0
"f__Deferribacteraceae"	0.773833766722015	4.77265958502929	4.29817961004845	4.40466613032985	4.2009965154525	0.200384845066684	0.942487965543451	1.06492747980142	2.59707776642975	5.48854333188006	0.45219881674643	4.95274763738187	1.54031216993311	3.75374901341752	2.07041442174105	5.40909908289876	0.241465996295316	6.08593443907536	0.77727765274652	0.333866999882854	0.378567268491555	1.71575130450164	0.534640848776974	2.86599928858174	3.7597606733597	2.25673490765832	2.39781551326905	1.84290774097013	0.384058777691194	3.72809318921188	9.13494458674647	2.18776419159948	0.656350418195492	0.0936674137758004	0.820921371666089	7.09564053217304	0.917308336123201	1.34391191709845	1.19443217995492	1.21851070913328	0.232576019682466	0.942669117211122	8.32943378568086	1.34211085156084	3.93700787401575	1.70486305198435	0.53790218149218	0.434721355686598	3.25326190270457	9.090237415033	0.471581802490445	3.57314592195302	0.878794024200635	1.28769908505591	0.14087446519879	2.28881391810544	0.285036894962572	1.47251676720746	1.93189870585164	5.67841978955141	0.722779202611331	0.612590152257145
"f__Desulfovibrionaceae"	0.67044706914377	0.630398093914425	0.492389740340317	0.408956824886028	0.527567004266128	0.416694313582377	0.369901190777806	0.926701061033778	0.533589011401296	1.17553973098225	0.220446923163884	0.336016800840041	0.586785588545946	0.732438831886345	0.518450747179019	1.1436791943895	0.0396930404869013	0.688912106569152	0.843960990247562	0.246007263071577	0.531450203843914	0.505881312461307	0.626056123438323	0.459881091518878	0.892404421458271	0.316534966866304	0.597320590494069	0.393961778131334	0.0890571078704218	0.671633959492077	0.707565113742994	0.859847000845413	0.515052758722851	0.143846385441408	0.803602355386214	3.38465400384905	0.184131235353197	0.553756476683937	0.392721864615527	1.16524248141161	0.134548110560105	0.20898796466473	0.428350311363882	0.424718623911659	1.14683440198602	0.50561512271965	0.402430520968224	0.446796948900115	0.619977533915147	0.531967293862673	0.200345210208359	0.754577399667099	0.429257081051849	0.818496989286552	0.310445580715851	1.05179599126811	0.820480034097871	0.23230544419049	0.432625965016969	0.299058519475724	1.83803528406	0.635740361499421
"f__Dietziaceae"	0	0.00496376451901122	0	0	0.0130263457843488	0	0.126678489992399	0	0	0	0	0	0	0	0	0	0	0	0.00208385429690756	0	0.0546010483401281	0	0	0	0.00253523983368827	0	0	0	0	0	0	0	0	0	0	0.418375031378127	0	0	0	0	0	0	0	0	0.0045690613624941	0	0	0	0	0	0	0	0	0	0	0	0	0	0	0	0	0
"f__Enterobacteriaceae"	0.0219305116075065	0	0	0	0	0	0	0	0.0104216603789316	0.0177622761549516	0	0	0.0234714235418379	0	0	0	0	0	0.147953655080437	0.00195243859580616	0.00364006988934188	0	0	0	0	0	0	0	2.76355337860403	0.00524714030853185	0	0.0247437985854795	0	0.00669052955541432	0.0381018358157257	0	0	0	0	0.035512151814449	0.791911736439473	0	0	0	0.0045690613624941	0.00254077951115402	0	0	0.0475244102652726	0	0	0	0	0	0.109569028487947	0	0	0.00749372400614485	0	0	0.0427450066060465	0.00890392663164456
"f__Enterococcaceae"	0	0	0	0	0.00651317289217442	0.001327051954084	0	0	0	0	0.0433357199381995	0	0	0.0978689818468824	0	0.00719295090811005	0	0	0.00208385429690756	0.0136670701706431	0	0	0	0	1.01156069364162	0	0	0	0	0	0.00253607567649819	0.0453636307400458	0	0	0	0	0	0	0	0.00221950948840306	0	0	0	0	0	0.396361603740027	0.00796892120729156	0	0.0021602004666033	0.0911240271894395	0	0	0	0	0	0	0	0	0	0	0	0
"f__Erysipelotrichaceae"	0.266299069519722	0.0819021145636851	0.339260491333677	0.187717886832932	0.120493698505227	0.456505872204897	0.450975424372941	0.138226418767643	0.125059924547179	6.3734276348722	0.631194181708558	0.23451172558628	0.187771388334703	0.176795580110497	0.0406628037003152	0.377629922675778	20.1012172532416	0.643202298550346	8.408352088022	0.25967433324222	0.728013977868375	0.123817104448572	0.155128950940469	0.330301336450023	3.46060237298449	0.0409901395941976	0.236794948374435	0.113642820614808	13.375264388289	0.120684227096233	0.0760822702949455	0.449512340969544	0.373755099250211	0.986853109423611	0.211291998614479	6.17939921345495	0.294609976565115	0.327072538860103	10.2572444403132	1.5203639995561	15.0905316572483	0.211952332957847	0.31316367301393	0.441707368868125	0.775217411169832	0.294730423293866	0.247036557426038	0.205285084629782	0.181456839194677	0.0591074770958526	0.428430526445568	0.665803587941558	0.155478942743189	0.278914579151787	13.1274131274131	0.201759608387908	0.431551186765763	0.318483270261157	0.458732704285235	0.140299058519476	4.85738711432346	0.422046122339952
"f__Eubacteriaceae"	0.122184278956108	0.0570832919686291	0.124087494884692	0.053633681952266	0.0260526915686977	0.168535598168668	0.0709399543957436	0.190791394918719	0.07920461887988	0.0177622761549516	0.154501262388363	0.0840042002100105	0.0674803426827837	0.0505130228887135	0.0813256074006302	0.197806149973026	0.00661550674781688	0.048974794305864	0.348003667583563	0.189386543793197	0.280285381479325	0.088440788891837	0.2077619878667	0.157528329691549	0.136902951019166	0.0318812196843759	0.0575987712262138	0.115536867625054	0.286652565957921	0.0682128240109141	0.0532575892064619	0.103099160772831	0.24613140682331	0.00334526477770716	0.29442327675788	0	0.0435219283562102	0.077720207253886	0.162665861083355	0.150926645211408	0.236420251412756	0.111163810991878	0.0467945718296678	0.050966234869399	0.0822431045248938	0.0762233853346207	0.167347345353123	0.158995310644635	0.0518448111984792	0.0886612156437789	0.0770558500801381	0.0702792676160532	0.0912593794362199	0.221567656335531	0.626108734216842	0.0463054838923067	0.117211433442553	0.0861778260706658	0.04848394435535	0.059073287797674	0.0699463744462579	0.174516961980233
"f__Family I"	0	0	0	0	0	0	0	0	0	0	0	0	0	0	0	0	0	0	0	0	0	0	0	0	0	0	0	0	0	0	0	0	0	0	0	0	0	0	0	0	0	0	0	0	0	0	0	0	0	0	0	0	0	0	0	0	0	0	0	0	0	0
"f__Flavobacteriaceae"	0	0	0	0	0	0	0	0	0	0	0	0	0	0	0	0	0	0	0	0	0	0	0	0	0	0	0	0	0	0	0	0	0	0	0	0	0	0	0	0	0	0	0	0	0	0	0	0	0	0	0	0	0	0	0	0	0	0	0	0	0	0
"f__Geodermatophilaceae"	0	0	0	0	0	0	0.0152014187990879	0	0	0	0	0	0	0	0	0	0	0	0	0	0	0	0	0.00762233853346207	0	0	0	0	0	0	0	0	0	0.00669052955541431	0	0	0	0	0	0	0	0	0	0	0	0.00762233853346206	0	0	0	0	0	0	0	0	0	0	0	0	0	0	0	0
"f__Halomonadaceae"	0	0	0	0	0	0	0	0	0	0	0	0	0	0	0	0	0	0	0	0	0	0	0	0	0	0	0	0	0	0	0	0	0	0	0	0	0	0	0	0	0	0	0	0	0	0	0	0	0	0	0	0	0	0	0	0	0	0	0	0	0	0
"f__Intrasporangiaceae"	0	0	0	0	0	0	0.0202685583987839	0	0	0	0	0	0	0	0	0	0	0	0	0	0.029120559114735	0	0	0	0	0	0	0	0	0	0	0	0	0	0	0	0	0	0	0	0	0	0	0	0	0	0	0	0	0	0	0	0	0	0	0	0	0	0	0	0	0
"f__Lachnospiraceae"	46.2295184686237	60.6249379529435	64.0687497524851	67.3940734781443	75.881720780278	66.1362882356844	55.9057512034457	58.0414679256303	78.0686578985764	64.0055547481794	53.1766966876437	48.9254462723136	57.7279662011501	49.9731649565904	61.7701873877537	57.4393094767128	27.8810531886742	57.427843803056	31.7266816704176	44.0099183880667	46.6875364006989	77.8880339612629	46.1203911465692	65.4022053966157	43.2233039245513	73.768587889691	58.5800836248827	60.4920734132621	21.103751530669	51.3799979011439	54.1705764500013	56.4962781202961	63.6112946967798	65.52370120095	34.7107724281261	18.3290101246758	59.1831268831604	52.4449481865285	47.6471545093301	33.876373321496	19.8170145696383	52.5612142052529	43.7673229905331	64.3448715226163	47.0978845245892	44.4052035164388	39.3306106185875	53.4948779358786	65.1883694806878	65.6585558073096	33.0631241523857	57.8731274274089	57.1418914351382	49.1932330631077	15.6344568506731	57.7297082754515	49.0343376222062	61.8269699126981	65.9530824600007	66.0550119992616	32.2880236263309	40.7408066957528
"f__Lactobacillaceae"	5.02522008834863	0.208478109798472	0.432986152363603	0.231295253419147	3.16865861204285	1.83929400836042	0.70433240435774	1.0707680327071	1.68205598515956	3.93515154451065	4.37125522854882	6.3913195659783	3.91972773148691	12.9471191791634	0.172816915726339	9.40837978780795	3.67822175178619	1.95246179966044	9.06268233725098	15.5179819594674	4.23704135119394	0.992305651366411	9.00301947422366	0.48020732760811	8.66798499138018	0.138911028624781	12.4648007509173	3.43769532359793	14.107202493599	5.86892643509288	8.42230732165048	3.52805328164629	0.3236172200825	7.46997624862008	22.3242119847592	23.6842105263158	5.17910947438902	6.28562176165804	4.00622777868147	14.2758850294085	18.3292968900166	1.71488705756803	19.2181706921998	0.509662348693991	9.0391263954675	6.78388129478123	23.7673075007471	4.44381830257412	1.16650825196578	1.4161166387548	16.1385772407841	10.9894581098576	8.2809436895829	9.48830904778042	9.93425858290723	2.06390156777138	0.487493007272436	0.209824272172056	0.111886025435423	0.546427912128484	18.0073055102199	12.9676787463271
"f__Methylobacteriaceae"	0.0469939534446568	0.0496376451901122	0.00396023919844759	0	0.00325658644608721	0.00663525977042001	0	0.0700866348681008	0.114638264168247	0.025836038043566	0.0998605720315032	0	0	0	0.0813256074006303	0	0	0.215489094945801	0.0395932316412436	0.0175719473622555	1.01557949912638	0.0283010524453878	0.0277015983822267	0.0177854565780782	0.0912686340127776	0.075148589256029	0.00853315129277242	0.340928461844423	0.133585661805633	0	0	0.0371156978782193	0.00227899450762324	0	0.232074818150329	3.94946029620952	0	0	0.00232379801547649	0.261902119631561	0.0115326951908661	0.0133396573190253	0.0287966595874879	0	0.1035653908832	0.0330301336450022	0.0278912242255205	0.0221385875581138	0.0086408018664132	0.0566446655501921	0	0	0	0.218960978025702	1.9852864447459	0.0198452073824171	0	1.61115066132114	0.0447544101741692	0	0.0116577290743763	0.0463004184845517
"f__Microbacteriaceae"	0	0	0	0	0	0	0	0	0	0	0	0	0	0	0	0	0	0.00652997257411519	0	0	0	0	0	0	0.0076057195010648	0	0	0.00757618804098718	0.00278303462095068	0	0	0	0	0	0.00346380325597506	0	0	0	0	0	0	0	0	0	0	0	0	0	0	0	0	0	0	0	0	0	0	0	0	0	0	0
"f__Micrococcaceae"	0	0	0	0	0	0	0.131745629592095	0	0	0	0	0.0280014000700035	0.00293392794272973	0	0	0.00719295090811005	0	0.00979495886117278	0	0	0	0	0	0	0	0	0	0	0	0	0	0	0	0	0	0.163166262237469	0	0	0	0.0133170569304184	0	0	0	0	0	0	0	0	0.0021602004666033	0	0	0	0	0.00782003492948935	0	0	0	0.0337217580276518	0	0.0184604024367731	0	0
"f__Moraxellaceae"	0	0	0	0.00335210512201663	0	0	0	0	0	0	0	0.0210010500525026	0	0	0	0	0.119079121460704	0.00652997257411519	0	0.0136670701706431	0	0	0	0	0	0	0	0	0	0	0	0	0	0	0	0	0	0	0.0278855761857179	0	0	0	0	0	0	0	0	0	0.0043204009332066	0	0	0	0	0	0	0	0	0.0187343100153621	0	0	0	0
"f__Neisseriaceae"	0	0	0	0	0	0	0	0	0	0	0	0	0	0	0	0	0	0	0	0	0	0	0	0	0	0	0	0	0	0	0	0	0	0	0	0	0	0	0	0	0	0	0	0	0	0	0	0	0	0	0	0	0	0	0.0417405822811228	0	0	0	0	0	0	0
"f__Nocardioidaceae"	0	0	0	0	0	0	0	0	0	0	0	0	0	0	0	0	0	0	0	0	0	0	0	0	0	0	0	0	0	0	0	0	0	0	0	0	0	0	0	0	0	0	0	0	0	0.00254077951115402	0	0	0	0	0	0.00369890882189754	0	0	0	0	0	0	0	0	0	0
"f__Oxalobacteraceae"	0	0	0	0	0	0	0	0	0	0	0	0	0	0	0	0	0	0	0	0	0	0	0	0	0	0	0	0	0	0	0	0	0	0	0	0	0	0	0	0	0	0	0	0	0	0	0	0	0	0	0	0	0	0	0	0	0	0	0	0	0	0
"f__Paenibacillaceae 1"	0	0	0	0	0	0	0	0	0	0	0	0	0	0	0	0	0	0	0	0	0	0	0	0	0	0	0	0	0.00278303462095068	0	0	0	0	0	0	0	0	0	0	0	0	0	0	0	0	0	0	0	0	0	0	0	0	0	0	0	0	0	0	0	0	0
"f__Peptostreptococcaceae"	0.00939879068893136	0	0	0	0.0162829322304361	0	0	0.0486712742139589	0.00625299622735894	1.11902339776195	0	0	0.00293392794272973	0	0	0.00359647545405503	7.47221487165917	0	1.49412353088272	0.00390487719161232	0	0	0	0	1.29804279484839	0	0	0.0378809402049359	1.63085828787711	0.00787071046279778	0	0.119595026496484	0	0.0200715886662429	2.62902667128507	0.707053803029035	0	0.00323834196891192	2.77229103246346	1.14304738652758	1.28012916618614	0	0	0.0169887449564663	0.769125329353173	0.0304893541338483	0	0	0	0	0.00308223400320552	0	0	0.0104267132393191	4.44015444015444	0	0.00266389621460348	0.00374686200307243	0	0	4.37553431258258	0.0124654972843024
"f__Phyllobacteriaceae"	0	0	0	0	0	0	0	0	0	0	0	0	0	0	0	0	0	0.00979495886117278	0	0	0.00728013977868375	0	0	0	0	0	0	0	0	0	0	0	0	0	0	0	0	0	0.00697139404642948	0	0	0	0	0	0	0	0	0	0	0	0	0	0	0	0.00782635917771053	0	0	0	0	0	0.00388590969145877	0
"f__Planococcaceae"	0	0	0	0	0	0	0	0	0	0	0	0	0	0	0	0	0	0	0	0	0	0	0	0	0	0	0	0	0	0	0	0	0	0	0	0	0	0	0	0	0	0	0	0	0	0	0	0	0	0	0	0	0	0	0	0	0	0	0	0	0	0
"f__Porphyromonadaceae"	21.3853817475485	7.62186041894173	7.29740076300608	4.25046929471709	2.52711108216368	9.24689801605732	9.10058272105397	16.3301859242675	3.27240135898451	4.19189717256859	18.6908844255191	10.6965348267413	7.27027344208426	7.46961325966851	9.85734133035139	1.78744830066535	4.01230484255094	10.601410474076	12.9657414353588	18.3002069584912	15.0225684333139	3.13611037410454	11.9476993822544	7.36826058234666	14.4686137308589	4.81406417234077	7.24677873538697	9.0743792260924	16.8596237337193	9.46846468674572	3.78636098501179	11.1243994473885	10.2623122678274	9.74810156223865	10.2390024246623	4.32181407413605	5.08871777703382	9.87370466321244	4.37106406711129	16.6773942958606	14.0910314073732	14.196359755736	8.91256614232748	5.67424081545976	9.38332901810872	13.6211189592967	14.4576153003287	10.3266447964256	7.96897952129958	4.5857550980199	19.5167057082974	4.09469206584058	9.22057730007436	15.1239475536324	15.9005530627152	18.8959449626249	10.8180825275047	14.4366592978381	7.22037817476597	3.12719217278937	6.83531514727598	15.7688540646425
"f__Prevotellaceae"	1.72937748676337	1.64300605579271	0.485789341676238	0.157548940734781	0.00976975933826163	1.49691460420676	0.116544210793007	2.39462669132678	0.483565041582425	1.77461286311744	0.81772619361646	1.85159257962898	3.43269569299378	0.00315706393054459	2.62952797262038	0.445962956302824	2.312119608362	2.2789604283662	6.65791447861966	1.25151313991175	4.08779848573093	0.263553550897674	4.97243690960969	1.43808120331318	1.19916844133455	1.32534784687906	0.258127826606366	1.52849593726917	5.51597461872426	3.82254171476545	0.174989221678375	1.14852465100934	2.08072198546002	0.157227444552236	4.66574298579841	1.73207262990544	0.177435554067626	1.8199481865285	2.5608254130551	2.97414271446011	4.407411678776	0.712930574494575	0.334761167704546	0.598853259715438	1.63724698822705	4.8681335433711	1.2272138659229	3.66091734256446	0.522768512917999	0.615702886415132	3.80964122796202	0.229332346957648	1.01061312783073	1.67088079660089	7.35416884065533	1.1510220281802	2.09382242467834	3.6681779010079	1.0479991049118	0.0184604024367731	1.63208207041268	1.21093402190366
"f__Promicromonosporaceae"	0	0	0	0	0	0	0	0	0	0	0	0	0	0.00315706393054459	0	0	0	0	0	0	0	0	0	0.00254077951115402	0	0	0	0	0	0	0	0	0	0	0	0	0	0	0	0	0	0	0	0	0	0	0	0	0	0	0	0	0	0	0	0	0	0	0	0	0	0
"f__Propionibacteriaceae"	0	0	0	0	0	0	0	0	0	0	0	0	0	0	0	0	0	0	0	0	0.00728013977868375	0	0	0	0	0	0	0	0	0	0	0	0	0	0	0	0	0	0.0116189900773825	0	0	0	0	0	0	0	0	0	0.0021602004666033	0	0	0	0	0	0	0	0	0	0	0	0	0
"f__Pseudomonadaceae"	0	0	0	0	0	0	0.0152014187990879	0	0	0	0	0	0.00586785588545945	0.0315706393054459	0	0	0	0	0	0	0	0	0	0	0	0	0	0	0	0	0	0.00206198321545663	0	0	0	0.217555016316626	0	0	0	0	0	0	0	0.00424718623911659	0	0	0	0	0	0	0	0	0	0	0	0	0	0	0	0	0	0
"f__Rhodobacteraceae"	0	0	0	0	0	0	0	0	0	0	0	0.00350017500875044	0	0	0	0	0	0	0	0	0	0	0	0	0	0	0	0	0	0	0	0	0	0	0	0	0	0	0	0	0	0	0	0	0	0	0	0	0	0	0	0	0	0	0	0	0	0	0	0	0	0
"f__Rhodospirillaceae"	0	0	0	0	0	0	0	0	0	0	0	0	0	0	0	0	0	0	0	0	0	0	0	0	0	0	0	0	0	0	0	0	0	0	0	0	0	0	0	0	0	0	0	0	0	0	0	0	0	0	0	0	0	0	0	0	0	0	0	0	0	0
"f__Rikenellaceae"	5.5954133901438	4.3383301896158	1.97087904109408	4.19013140252078	2.4196437294428	1.77426846261031	5.18368381048898	2.92611700574321	1.77376659649415	1.16262171196047	3.2124957606361	3.79068953447672	1.87771388334703	7.81057616416732	4.10694317373182	1.53209854342744	2.62966393225722	2.72626354969309	2.02759023089106	6.32590105041197	4.27344205008736	2.85309984965066	6.30765395163301	2.8126429188475	2.9611601257479	3.49554801539407	4.9812270671559	3.23313824649128	4.18846710453078	4.00881519571834	5.10004818543785	1.96094603789925	3.69425009685727	1.58565550463319	3.78940076203672	3.7528240314618	6.33746233679278	2.19235751295336	4.50352055399345	3.1206303406947	4.65344250951447	7.21379024129957	4.49587847809655	4.61244425568061	3.09934662422516	4.91132679506072	5.59816714812232	6.90522671926258	1.84481119847922	3.47748990247266	3.47367772161262	3.69520991307564	4.26215101737308	2.9325130985585	1.92267557132422	2.49388106105709	3.71347132315726	3.03121136048559	4.01670831313169	4.79970463356101	2.74345224216989	6.40548481880509
"f__Ruminococcaceae"	7.95764278329522	15.1643006055793	15.1201932596729	14.5313757039421	6.97560816751881	12.780837369783	10.4737775525716	9.64275284726955	7.94130520874585	5.75174796944889	7.85318611749633	10.9835491774589	12.1728670343856	10.0363062352013	13.2086340686524	14.3175687825931	10.1647261180206	11.6592660310827	7.42685671417854	5.67573899800851	12.489079790332	8.35765455027859	10.0556802127483	11.8679810966004	9.51221985599838	9.79208890305832	9.31606792388429	10.8888762619088	7.66169431147723	11.0583482002309	12.4495954959296	15.6339567395922	13.1064974133412	8.35312614993477	11.9709040526498	8.63526064764455	13.026447941078	15.1522020725389	8.84437524690354	8.49184330263012	8.59378003306039	5.58338768008537	8.61740038155574	12.2998513484816	8.44210237743493	12.2440164642512	6.85327223827074	10.4977157002838	11.9696707854489	9.32666732341641	10.6090494390334	13.068244867764	10.1027513012911	10.1086984855199	5.55410622978191	8.61943507309651	17.5444204693785	6.88673236164712	13.9447283034349	14.388037659221	6.5788451076397	10.9553913275755
"f__Saccharibacteria_genera_incertae_sedis"	0.272564929979009	0.0918296436017075	0.125407574617507	0.402252614641995	0.182368840980884	0.116780571959392	0.932353686344059	0.138226418767643	0.104216603789316	0.332638989810912	0.307118363040283	0.56002800140007	0.363807064898486	0.476716653512234	0.10843414320084	0.7516633698975	1.40248743053718	0.153454355491707	0.200050012503126	0.279198719200281	0.273005241700641	0.25470947200849	0.229923266572481	0.177854565780782	0.461413649731265	0.059207979413841	0.0981312398668828	0.257590393393564	1.91751085383502	0.69524609088047	0.284040475767797	0.129904942573767	0.16864559356412	0.227478004884087	1.17076550051957	1.20492009036901	0.33478406427854	1.06541450777202	1.16887040178468	0.679169903451337	1.06293007342483	0.262346593940831	0.165580792628055	0.88341473773625	0.300035029470446	0.309975100360791	0.364578145233589	0.352204802060901	0.142573230795818	0.0689587232784947	0.46849956848724	0.388385426299242	0.415737172987224	0.609962724500169	0.936554314932693	0.102533571475822	1.29198966408269	0.1086589980891	0.227501585052027	0.387668451172236	4.76801119141991	0.525331671267029
"f__Sphingomonadaceae"	0	0	0	0	0	0.001327051954084	0	0	0	0	0	0	0	0	0	0	0	0	0.00416770859381512	0	0	0	0	0	0	0	0	0	0	0	0	0	0	0	0	0	0	0	0	0.00221950948840306	0	0	0	0	0.0395985318082822	0	0	0	0.0194418041994297	0	0	0	0	0	0	0	0	0	0	0	0	0.00178078532632891
"f__Staphylococcaceae"	0.00313293022964379	0	0.0422425514501076	0	0	0.0928936367858802	0	0	0	0.0064590095108915	0.00376832347288691	0.0105005250262513	3.83170989320503	0.0820836621941594	0	0	0	0.0130599451482304	0	0.00780975438322465	0.112842166569598	0	0	0.00254077951115402	0	0	0	0	0.00834910386285205	0.00524714030853185	0.00253607567649819	0	0.00227899450762324	0.0100357943331215	0.00346380325597506	0.0962262572169693	0.0100435219283562	0.113341968911917	0	0	0	0.00148218414655837	0.00719916489687196	0.00424718623911659	0	0	0	0.00201259886891944	0	0	0.970903711009739	0	0.00337997701615629	0	0	0	0.00266389621460348	0.00749372400614485	0.00372953418118077	0.059073287797674	0	0.00356157065265782
"f__Streptococcaceae"	0	0	0	0	0	0	0	0	0	0	0	0	0	0	0	0.0143859018162201	0	0	0	0	0	0	0	0	0	0	0	0	0	0	0	0	0	0	0	0	0	0	0	0	0	0	0	0	0	0	0	0	0	0	0	0	0	0	0	0	0	0	0	0	0	0
"f__Sutterellaceae"	0.137848930104327	0.198550580760449	0.113526857022164	0	0.0423356237991337	0.17251675403092	0.0912085127945275	0.718388007398033	0.0812889509556663	0.143712961617335	0.474808757583751	0.346517325866294	0.143762469193757	0.236779794790844	0.193148317576497	0.273332134508182	0	0.195899177223456	1.09193965157956	0.355343824436721	0.240244612696563	0.0566021048907756	0.0747943156320119	0.142283652624625	0.512118446405029	0.0500990595040193	0.142930284153938	0.204557077106654	0.150283869531337	0.102319236016371	0.116659481118917	0.437140441676805	0.157250621026004	0.926638343424882	0.183581572566678	1.82829888712242	0.0535654502845664	0.126295336787564	0.0766853345107243	0.785706358894684	0.20758851343559	0.29940119760479	0.183578704870235	0.0594606073476322	0.472136340791057	0.162609888713858	0.53790218149218	0.0523275705919053	0.133932428929405	0.14038025810265	0.342127974355813	0.166450896985389	0.18251875887244	0.490055522247999	0.832202859229886	0.605278825163723	0.157169876661605	0.23230544419049	0.0783202178047962	0.0553812073103193	0.396362788528794	0.119312616864037
"f__unknown_ Acidimicrobiales"	0	0	0	0	0	0	0	0	0	0	0	0	0	0	0	0	0	0	0	0	0	0	0	0	0	0	0	0	0	0	0	0	0	0	0	0	0	0	0	0	0	0	0	0	0	0	0	0	0	0	0	0	0	0	0	0	0	0	0	0	0	0
"f__unknown_ Actinomycetales"	0	0	0	0	0	0	0	0	0	0	0	0	0	0	0	0	0	0	0	0	0	0	0	0	0	0	0	0	0	0	0	0	0	0	0	0	0	0	0	0	0	0	0	0	0	0	0	0	0	0	0	0	0	0	0	0	0	0	0	0	0	0
"f__unknown_ Alphaproteobacteria"	0.187975813778627	0.0471557629306066	0	0	0	0.017251675403092	0	0.027255913559817	0	0.116262171196047	0.324075818668275	0.0700035001750088	0.31979814575754	0	0	0.00359647545405503	0.00330775337390844	0.146924382917592	0.352171376177378	0.0312390175328986	0.200203843913803	0	0.958475304025042	0.0355709131561563	0.294087820707839	0	0.0234661660551242	0.0416690342254295	0.166982077257041	0.136425648021828	0	0.0412396643091325	0.0364639121219718	0.00669052955541431	0.169726359542778	0.108777508158313	0.033478406427854	0.155440414507772	0.0395045662631004	1.03429142159582	0.194133702379579	0.0652161024485682	0.0539937367265397	0.0127415587173498	0.933611538402961	0.129579755068855	0.0219145333200518	0.796989152092097	0.0561652121316858	0.0270909270022658	0.249660954259647	0.0147956352875902	0.00337997701615629	0.0677736360555743	0.362621308567254	0.0264602765098895	0.0932363675111218	0.0449623440368691	0.00372953418118077	0	0.0466309162975052	0.110408690232392
"f__unknown_ Bacillales"	0	0	0	0	0	0	0	0	0	0	0	0	0	0.015785319652723	0	0	0	0	0	0	0	0	0	0	0	0	0	0	0	0	0	0	0	0	0	0	0	0	0	0	0	0	0	0	0	0	0	0	0	0	0	0	0	0	0	0	0	0	0	0	0	0
"f__unknown_ Bacteria"	1.26883674300573	0.481485158344088	0.294377780417937	0.0905068382944489	0.045592210245221	0.0915665848317962	2.1434000506714	0.953956974593595	0.318902807595306	0.560319075069838	0.994837396842145	0.658032901645082	0.331533857528459	0.249408050513023	0.0609942055504727	0.0143859018162201	0.172003175443239	0.287318793261068	0.295907310160874	1.47799601702526	0.593331391962726	0.553639338462899	1.69533782099227	0.203262360892322	1.29804279484839	0.170792248309157	0.153596723269904	0.54359149194083	0.219859735055104	0.139049218176094	0.0481854378534655	0.614470998206075	0.141297659472641	0.00334526477770716	0.128160720471077	1.14216383566229	1.02778707733512	0.86139896373057	0.45081681500244	2.61902119631561	0.138392342290393	0.78111104523626	0.248371188942083	0.479932045020174	5.65497494631353	1.91320697189898	1.0180296842315	1.90995632660454	0.473083902186123	0.859521229435524	0.616446800641105	0	0.270398161292503	0.96968433125668	0.174788688302202	0.638354170801085	0.0106555848584139	0.438382854359474	0.648938947525454	0.195680265829795	0.641175099090697	0.822722820763957
"f__unknown_ Bacteroidales"	2.25570976534353	0.250670108210066	0.260055707364725	0.221238938053097	0.136776630735663	0.290624377944396	0.6283253103623	0.416626107271488	0.0917106113345978	0.515106008493598	0.629310019972115	0.71403570178509	0.340335641356648	0.356748224151539	0.52522788112907	0.0683330336270455	0.55239481344271	0.316703669844586	3.26748353755106	0.905931508454059	0.451368666278393	0.150349341116123	1.93357156707942	0.398902383251181	0.752966230605415	0.211782387903354	0.443723867224166	0.314411803700967	2.80529889791829	0.989085948158253	0.502142983946641	0.676330494669773	0.396545044326443	0.110393737664336	0.775891929338414	1.40574010543051	0.264479410780047	0.268782383419689	0.546092533636976	2.06858284319165	2.95429208472687	0.794450702555286	0.518339872574782	0.73476321936717	1.04783807246531	1.00868946592815	0.743101902579938	1.40680660937469	0.295947463924652	0.167471185104915	0.903094562939219	0.340299611614574	0.358277563712567	0.737689961681829	2.67400605238443	0.45974730435933	1.08953355177282	0.427142268350256	0.440085033379331	0.317518921912498	0.835470583663635	1.73626569317069
"f__unknown_ Bacteroidetes"	0.576459162254457	0.245706343691055	0.219133235647433	0.227943148297131	0.250757156348715	0.1327051954084	0.334431213579934	0.667769882215516	0.1980115471997	0.12918019021783	0.382484832498022	0.378018900945047	0.334467785471189	0.132596685082873	0.355799532377757	0.356051069951448	0	0.326498628705759	0.385513044927899	0.523253543676051	0.265725101921957	0.111435394003715	0.487548131527189	0.274404187204634	0.354933576716357	0.325643886776126	0.351992490826862	0.611777184309715	0.411889123900701	0.658516108720747	0.542720194770612	0.352599129843083	0.202830511178468	0.00334526477770716	0.377554554901282	0.506233787967534	0.395045195848678	0.249352331606218	0.0255617781702414	0.0621462656752858	0.484373198016376	1.63929566609356	0.449947806054498	0.386493947759609	0.0807200840707291	0.457340312007724	0.561808945114055	0.406544971521726	0.408277888188024	0.219190227563787	0.548637652570583	0.273719252820418	0.239978368147097	0.508302270416808	0.172179901909632	0.105841106039558	0.202456112309864	0.052456068043014	0.152910901428412	0.321211002399852	0	0.698067847920933
"f__unknown_ Burkholderiales"	0	0	0	0	0	0	0	0	0	0	0	0	0	0	0	0	0	0	0	0	0	0	0	0	0	0	0	0	0	0	0	0	0	0	0	0	0	0	0	0.00221950948840306	0	0	0	0	0	0	0	0	0	0	0	0	0	0	0	0	0	0	0	0	0	0
"f__unknown_ Clostridiales"	2.78517497415333	1.98550580760449	3.32528084696316	1.95092518101368	2.50105839059498	3.06150885807179	5.62452495566253	2.19604789253383	1.56324905683974	1.08188409307433	3.91340392659305	5.89779488974449	3.2273207370027	2.49723756906077	2.5549794991698	4.04243841035785	7.59129399311988	2.32793522267207	2.04217721096941	1.46042406966301	1.75087361677344	1.60431591049792	1.49311615280202	3.8518217389095	3.27806510495893	1.62821943388063	1.2074409079273	3.60815955452014	3.09195146387621	3.1955084478959	2.61469402246963	1.70319813596717	2.17416076027257	2.84347506105108	2.49740214755802	3.63986277298971	5.12889186474725	5.08743523316063	4.97060395510423	2.2461436022639	4.61307807634644	7.74885871820715	1.98696951153666	3.96262476109577	1.94337409951416	3.66888561410641	1.40452236278514	1.55171372793689	3.13661107750799	0.943256821987982	5.11650844532117	2.32661364897355	4.05597241938755	2.78132575658838	2.34008139413545	1.92498511609446	5.59418205066731	2.01955861965604	2.04378473128706	2.27432158021045	5.27317945130955	3.67910248419553
"f__unknown_ Deltaproteobacteria"	0.20677339515649	0.0645289387471458	0.00528031893126345	0	0	0.0769690133368721	0	0.00584055290567507	0.0208433207578631	0.145327713995059	0.429588875909108	0.0210010500525026	0.132026757422838	0	0.0101657009250788	0.0251753281783852	0.631780894416512	0.0424448217317487	0.816870884387764	0.0331914561287047	0.0910017472335469	0.00176881577783674	0.343499819939611	0.0533563697342345	0.144508670520231	0	0	0.0321987991741955	0.111321384838027	0.0419771224682548	0	0.0103099160772831	0.0820438022744365	0	0	0.121328759099657	0.0234348844994978	0.123056994818653	0.0906281226035833	0.843413605593164	0.180678891323569	0.0533586292761013	0.0107987473453079	0	0.662513897561644	0.111794298490777	0.00597669090546867	0.245537062008171	0.0237622051326363	0.00738843463698158	0.527062014548144	0.0184945441094877	0.0270398161292503	0.0886270625342127	0.307836794323281	0.0297678110736257	0.199792216095261	0	0.00372953418118077	0.00738416097470925	0.485738711432346	0.137120470127326
"f__unknown_ Firmicutes"	0.369685767097967	0.558423508388762	0.279856903356963	0.341914722445696	0.130263457843488	0.517550262092761	0.99315936154041	0.311496154969337	0.170915230214478	0.0855818760193125	0.342917436032709	0.588029401470073	0.610257012087783	0.189423835832675	0.420182304903257	0.614997302643409	0.532548293199259	0.372208436724566	0.841877135950654	0.138623140302238	0.46592894583576	0.371451313345715	0.789495553893459	0.645357995833121	0.441131731061758	0.148019948534603	0.253861250959979	0.482981987612933	0.331181119893131	0.802812467205374	0.213030356825848	0.820669319751737	0.426171972925545	0.190680092329308	0.436439210252858	0.19663626474772	0.281218613993974	0.667098445595855	0.650663444333418	0.410609255354566	0.482451082151232	1.20649789529851	0.223174111803031	0.195370566999363	0.348771684003717	0.536104476853499	0.195238569578643	0.869442711373196	0.529249114317809	0.265983646931337	0.61952903464431	0.310708341039394	0.577976069762725	0.495268878867659	0.545236356047167	0.304293179863729	0.916380297823597	0.502079508411705	0.469921306828777	0.19937234631715	0.485738711432346	0.582316801709555
"f__Verrucomicrobiaceae"	0	0	0	0.00335210512201663	0	0	0	0	0	0	0	0	0.00586785588545945	0.00315706393054459	0	0.00359647545405503	0	0	0	0	0	0	0	0	0	0	0	0	0	0.00262357015426593	0	0	0	0.224132740106379	0	0	0.0133913625711416	0.00323834196891192	0	0	0	0	0	0.0594606073476322	0	0	0	0	0	0	0	0.0147956352875902	0	0	0	0	0.0239750659314313	0.0187343100153621	0	0.00369208048735462	0	0
"f__Vibrionaceae"	0	0	0	0	0	0	0	0	0	0	0	0	0	0	0	0	0	0	0	0	0	0	0	0	0	0	0	0	0	0	0	0	0	0	0	0	0	0	0	0	0	0	0	0	0	0	0	0	0	0	0	0	0	0	0	0	0	0	0	0	0	0
"f__Xanthomonadaceae"	0	0	0	0	0	0	0	0	0	0	0	0	0	0	0	0	0	0	0	0	0	0	0	0	0	0	0	0	0.0194812423466548	0	0	0	0	0	0	0.179901263492594	0	0	0	0	0	0	0	0	0	0	0	0	0	0	0	0	0	0	0	0	0	0	0	0	0	0
