""	"67.AV770T"	"35.AV590"	"25.AV608"	"18.AV863"	"06.AV996"	"91.AV609"	"19.AV864"	"79.AV567"	"82.AV579"	"55.AV717T"	"40.AV521"	"10.AV587"	"12.AV596"	"01.AV967"	"34.AV589"	"03.AV971"	"49.AV555T"	"84.AV803"	"52.AV612TA"	"68.AV791T"	"94.AV802"	"24.AV580"	"69.AV782.2T"	"93.AV611"	"44.AV543"	"36.AV591"	"75.AV794TA"	"80.AV568"	"66.AV604T"	"04.AV972"	"02.AV968"	"45.AV571"	"92.AV610"	"08.AV583"	"76.AV833T"	"56.AV718T"	"17.AV817"	"11.AV588"	"50.AV555TA"	"53.AV650T"	"71.AV604TA"	"81.AV570"	"70.AV794T"	"86.AV866"	"54.AV650TA"	"42.AV541"	"73.AV791TA"	"74.AV782.2TA"	"43.AV542"	"83.AV814"	"13.AV597"	"05.AV974"	"09.AV584"	"41.AV527"	"51.AV612T"	"32.AV572"	"85.AV865"	"33.AV586"	"37.AV598"	"16.AV816"	"48.AV551T"	"72.AV770TA"
"g__Acidaminococcus"	0	0	0	0	0	0	0	0	0	0	0	0	0	0	0	0	0	0	0	0	0	0	0	0	0	0	0	0	0	0	0	0	0	0	0	0	0	0	0	0	0	0	0	0	0	0	0	0	0	0	0	0	0	0	0	0	0	0	0	0	0	0
"g__Acinetobacter"	0	0	0	0	0	0	0	0	0	0	0	0	0	0	0	0	0	0	0	0.0136670701706431	0	0	0	0	0	0	0	0	0	0	0	0	0	0	0	0	0	0	0.0278855761857179	0	0	0	0	0	0	0	0	0	0	0	0	0	0	0	0	0	0	0.0187343100153621	0	0	0	0
"g__Actinomyces"	0	0	0	0	0	0	0	0	0	0	0	0	0	0.0220994475138122	0	0	0	0	0	0	0	0	0	0	0.00253523983368827	0	0	0	0	0	0	0	0	0	0	0	0	0	0	0	0	0	0	0	0	0	0	0	0	0	0	0	0	0	0	0	0	0	0	0	0	0
"g__Aeromonas"	0	0	0	0	0	0	0	0	0	0	0	0	0	0	0	0	0	0	0	0	0	0	0	0	0	0	0	0	0	0	0	0	0	0	0	0	0	0	0	0	0	0	0	0	0	0	0	0	0	0	0	0	0	0	0	0	0	0	0	0	0	0
"g__Akkermansia"	0	0	0	0.00335210512201663	0	0	0	0	0	0	0	0	0.00586785588545945	0.00315706393054459	0	0.00359647545405503	0	0	0	0	0	0	0	0	0	0	0	0	0	0.00262357015426593	0	0	0	0.224132740106379	0	0	0.0133913625711416	0.00323834196891192	0	0	0	0	0	0.0594606073476322	0	0	0	0	0	0	0	0.0147956352875902	0	0	0	0	0.0239750659314313	0.0187343100153621	0	0.00369208048735462	0	0
"g__Alistipes"	5.5954133901438	4.3383301896158	1.97087904109408	4.19013140252078	2.4196437294428	1.77426846261031	5.18368381048898	2.92611700574321	1.77376659649415	1.16262171196047	3.2124957606361	3.79068953447672	1.87771388334703	7.81057616416732	4.10694317373182	1.53209854342744	2.62966393225722	2.72626354969309	2.02759023089106	6.32590105041197	4.27344205008736	2.85309984965066	6.30765395163301	2.8126429188475	2.9611601257479	3.49554801539407	4.9812270671559	3.23313824649128	4.18846710453078	4.00881519571834	5.10004818543785	1.96094603789925	3.69425009685727	1.58565550463319	3.78940076203672	3.7528240314618	6.33746233679278	2.19235751295336	4.50352055399345	3.1206303406947	4.65344250951447	7.21379024129957	4.49587847809655	4.61244425568061	3.09934662422516	4.91132679506072	5.59816714812232	6.90522671926258	1.84481119847922	3.47748990247266	3.47367772161262	3.69520991307564	4.26215101737308	2.9325130985585	1.92267557132422	2.49388106105709	3.71347132315726	3.03121136048559	4.01670831313169	4.79970463356101	2.74345224216989	6.40548481880509
"g__Alkalibacterium"	0	0	0	0.00670421024403325	0	0	0	0	0	0	0	0	0	0	0	0	0	0	0	0	0	0	0	0	0	0	0	0	0	0	0	0	0	0	0	0	0	0	0	0.00443901897680613	0	0	0	0	0	0	0	0	0	0	0	0	0	0	0	0	0	0	0	0	0.0194295484572939	0
"g__Allobaculum"	0	0.00248188225950561	0.00264015946563172	0.00335210512201663	0	0.001327051954084	0	0.0369901684026088	0	0.064590095108915	0.325959980404718	0	0.00293392794272973	0.00315706393054459	0	0.00359647545405503	0.0463085472347182	0	1.61290322580645	0.00195243859580616	0.029120559114735	0.0159193420005306	0	0.0127038975557701	0.461413649731265	0	0.00213328782319311	0	0.28665256595792	0.00524714030853185	0	0.195888405468379	0.00227899450762324	0.153882179774529	0.0277104260478005	2.69015145176136	0	0.0323834196891192	0	0.346243480190878	0.276784684580787	0	0	0.0169887449564663	0.219314945399717	0.0254077951115402	0.00796892120729156	0	0.0172816037328264	0	0.0493157440512884	0.0110967264656926	0	0.0182467481688085	3.94709381195868	0.115763709730767	0.00532779242920696	0.052456068043014	0	0.00738416097470925	0.878215590269682	0.00712314130531564
"g__Alloprevotella"	0.632851906388045	0.81405738111784	0.0422425514501076	0	0.00651317289217442	0.383518014730277	0.00506713959969597	1.79694344397936	0.266794505700648	1.00114647418818	0.815842031880017	0.994049702485124	2.77842976176505	0	1.23004981193453	0.0899118863513756	1.14448266737232	1.71085281441818	3.3070767691923	0.751688859385372	2.03479906814211	0.136198814893429	4.16355023684867	0.238833274048478	0.375215495385864	0.630792703755152	0.140796996330745	0.498134363694907	1.12712902148503	1.50068212824011	0.0583297405594583	0.274243767655731	0.483146835616126	0	1.88084516799446	1.10032633252447	0	1.21113989637306	1.70566774335975	2.30828986793919	1.21477722677123	0.216398885397522	0.179979122421799	0.220853684434062	1.23212354741924	2.52299405457594	0.647474848092439	2.86594078934128	0.0993692214637518	0.302925820116245	2.72469485883368	0.122063991122619	0.706415196376665	0.901910695201105	4.08014191797976	0.115763709730767	0.964330429686459	2.1057364457267	0.477380375191139	0.0184604024367731	1.28623610787285	0.584097587035883
"g__Anaeroplasma"	0.479338325135499	0.50878586319865	0.00264015946563172	0.375435773665862	0.367994268407855	0.0716608055205361	2.33088421586015	0.120704760050618	0.208433207578631	0.00807376188861438	0.619889211289897	0.661533076653833	0.378476704612135	0.883977900552486	0.311748161702416	0.618593778097465	0.0496163006086266	0.551782682512733	0.0729349003917646	1.00355343824437	0.447728596389051	0.298929866454409	0.512479570071193	0.243914833070786	0.534935604908224	0.252772527497552	0.366925505589214	1.21219008655795	0.0946231771123233	1.36163291006402	0.654307524536532	0.472194156339567	0.0888807857973062	0.0167263238885358	0.0727398683754763	0.0962262572169693	1.08135252761969	0.272020725388601	0.118513698789301	0.608145599822439	0.0403644331680314	2.38335210766586	0.601130268888809	1.85602038649395	1.01890068383618	0.581838508054271	1.02201414483514	0.509187513836617	0.740948760044932	1.5909762584967	0.181851806189126	0.573330867394119	0.844994254039073	0.205927586476553	0.122612960450798	0.601971290599987	3.11409467487147	0.37093933830417	0.119345093797785	0.454125899944619	0.532369627729852	0.3757457038554
"g__Anaerostipes"	0	0	0	0	0	0	0	0	0	0	0	0	0	0	0	0	0	0	0	0	0	0	0	0	0	0	0	0	0	0	0	0	0	0	0	0	0	0	0	0	0	0	0	0	0	0	0	0	0	0.00246281154566053	0	0	0	0	0	0	0	0	0	0	0	0
"g__Anaerotruncus"	0.469939534446568	5.67606472748933	2.74840600372263	2.8828104049343	1.89207672517667	1.78090372238073	2.20927286546744	3.78273143190889	3.18485941180148	1.39191654959712	1.02875230809813	3.52467623381169	1.90118530688886	1.49013417521705	2.93788756734777	7.27207336809926	0.701243715268589	2.89930782290714	0.368842210552638	0.269436526221251	1.14662201514269	1.62023525249845	0.19668134851381	1.86493216118705	1.64537065206369	1.52118962494022	0.277327417015104	3.96802848646703	0.862740732494713	2.43467310315878	4.4736374933428	3.4373260201662	2.3245743977757	3.03080988860268	0.980256321440942	1.01665132624885	1.32239705390023	3.4520725388601	0.313712732089326	0.683608922428143	0.595855918194749	1.44068299045473	0.244771606493646	3.72902951794436	0.942749661127948	1.85222826363128	0.288873393764319	0.154970112906796	2.34165730579797	3.32233277509605	0.798298606830231	5.35601997410763	2.16318529034002	2.06970257800485	0.232181988938746	2.06059403320764	3.03417778843336	0.700663194574544	2.92768433222691	2.54015137529998	0.540141447112769	0.619713293562461
"g__Arcobacter"	0	0	0	0	0	0	0	0	0	0	0	0	0	0	0	0	0	0	0	0	0	0	0	0	0	0	0	0	0	0	0	0	0	0	0	0	0	0	0	0	0	0	0	0	0	0	0	0	0	0	0	0	0	0	0	0	0	0	0	0	0	0
"g__Aureimonas"	0	0	0	0	0	0	0	0	0	0	0	0	0	0	0	0	0	0	0	0	0	0	0	0	0	0	0	0	0	0	0	0	0	0	0	0	0	0	0	0	0	0	0	0	0	0	0	0	0	0	0	0	0	0	0	0	0	0	0	0	0	0
"g__Bacillus"	0	0	0	0	0	0	0	0	0	0	0	0	0.0381410632554864	0.104183109707972	0	0	0	0	0	0	0	0	0	0	0	0	0	0	0	0	0	0	0	0.00334526477770716	0	0	0	0	0	0	0	0	0	0	0	0	0	0	0	0	0.00308223400320552	0.00369890882189754	0.00675995403231258	0	0	0	0	0	0	0.00369208048735462	0	0
"g__Bacteroides"	0.952410789811711	0.230815050134021	0.525391733660714	0.251407884151247	0.325658644608721	0.520204366000929	2.5133012414492	1.37642363477076	0.295975154761657	1.07058082643027	1.39427968496816	0.994049702485124	0.803896256307945	0.925019731649566	0.836976042831487	0.597014925373135	1.41902619740672	0.577902572809194	8.408352088022	1.08750829786403	0.666132789749563	0.214026709118245	0.698080279232112	0.599623964632349	0.826488185782375	0.958713820508733	0.339192763887704	0.69132715874008	2.36001335856619	1.06779305278623	0.78364738403794	0.835103202259933	1.00275758335422	0.749339310206403	0.876342223761691	5.03305162747887	0.37830599263475	0.52461139896373	1.73355331954547	3.23382532460326	1.76258024833737	0.798897254994961	0.511140707677909	0.836695689105968	1.34635008148159	0.848620356725443	1.02599860543879	0.575603276510959	0.874881188974337	0.440843266673234	1.35001849340402	0.417976696874422	1.23031163388089	1.39457289575893	14.1291871021601	0.545743203016472	1.56104318175764	1.44628873318596	0.458732704285235	0.402436773121654	1.02588015854512	0.562728163119936
"g__Barnesiella"	0.585857952943388	0.131539759753797	0.99534011854316	0.408956824886028	0.0651317289217442	0.664853028996085	1.32252343552065	0.229728414289886	0.154240573608187	0.0226065332881202	0.126238836341712	0.364018200910045	0.0586785588545945	0.729281767955801	0.193148317576497	0.0827189354432656	0	0.150189369204649	0.166708343752605	0.818071771642782	0.374927198602213	0.127354736004245	0.0858749549849026	0.180395345291936	0.119156272183349	0.232277457700453	0.168529738032255	0.0947023505123397	0.292218635199822	0.0419771224682548	0.21049428114935	0.0391776810936759	0.2256204562547	0.672398220319138	0.408728784205058	0.610827545812066	0.0569132909273519	0.242875647668394	0.0209141821392885	0.173121740095439	0.311382770153385	0.139325309776486	0.241172024045211	0.526651093650457	0.0852891454332232	0.363331470095025	0.707241757147126	0.046289773985147	0.20305884386071	0.04679341936755	0.940081370977685	0.247826891067135	0.500236598391131	0.140760628730808	0.469581550662632	0.287755507045049	0.953674844828046	0.498332646408632	0.421437362473427	0.579656636514676	0.0233154581487526	0.514646959309055
"g__Bifidobacterium"	0	0	0	0	0	0	0	0	0	0	0	0	0	0	0	0	0	0	0	0	0	0	0	0	0	0	0	0	0	0	0	0	0	0	0	0	0	0	0	0	0	0	0	0	0	0	0	0	0	0	0	0	0	0	0	0	0.00266389621460348	0	0	0	0	0
"g__Blastococcus"	0	0	0	0	0	0	0.0152014187990879	0	0	0	0	0	0	0	0	0	0	0	0	0	0	0	0	0.00762233853346207	0	0	0	0	0	0	0	0	0	0.00669052955541431	0	0	0	0	0	0	0	0	0	0	0	0.00762233853346206	0	0	0	0	0	0	0	0	0	0	0	0	0	0	0	0
"g__Blautia"	0	0	0	0	0	0	0	0	0	0	0	0.00350017500875044	0	0.00315706393054459	0	0.00719295090811005	0	0	0	0	0.00364006988934188	0	0	0	0	0	0	0	0	0	0	0.00206198321545663	0	0.00669052955541432	0	0	0	0	0	0	0.00192211586514435	0.00148218414655837	0	0	0	0	0	0	0	0	0	0.00369890882189754	0	0	0	0.00330753456373619	0	0	0	0	0	0
"g__Bradyrhizobium"	0	0	0	0	0	0.001327051954084	0	0	0.00416866415157263	0.00322950475544575	0.00188416173644346	0.00700035001750087	0	0.00315706393054459	0	0	0.178618682191056	0.00326498628705759	0	0.00390487719161232	0.0400407687827606	0.00353763155567348	0	0	0.0076057195010648	0	0	0	0.00278303462095068	0	0	0	0	0	0	0	0	0	0.0720377384797713	0.0199755853956276	0	0	0	0	0.0030460409083294	0.00254077951115402	0	0	0	0	0	0	0	0.0130333915491489	0.0104351455702807	0	0	0	0.00372953418118077	0	0.15932229734981	0.00534235597898673
"g__Brevibacterium"	0	0	0	0	0	0	0.0608056751963517	0	0	0	0	0	0	0	0	0	0	0	0	0	0	0	0	0	0	0	0	0	0	0	0	0	0	0	0	0.0209187515689064	0	0	0	0	0	0	0	0	0	0	0	0	0	0	0	0	0	0	0	0	0	0	0	0	0	0
"g__Buttiauxella"	0	0	0	0	0	0	0	0	0	0	0	0	0.0176035676563784	0	0	0	0	0	0	0	0	0	0	0	0	0	0	0	0	0.00524714030853185	0	0	0	0.00334526477770716	0	0	0	0	0	0	0	0	0	0	0	0	0	0	0	0	0	0	0	0	0	0	0	0.00749372400614485	0	0	0	0
"g__Butyricicoccus"	0.397882139164761	0.861213144048446	1.24351510831254	1.75650308393671	0.491744553359169	0.725897418883949	0.805675196351659	0.321230409812129	0.556516664234946	0.405302846808442	0.192184497117233	0.546027301365069	0.196573172162892	0.173638516179953	0.962353020907458	0.528681891746088	0.0363852871129928	0.728091942013843	0.304242727348504	0.251864578858995	0.946418171228888	0.721676837357389	0.939084185157484	0.820671782102749	0.689585234763209	0.906337531027258	1.31410529908695	0.613671231319962	0.150283869531337	0.800188897051108	1.07276001115873	1.28049157679856	0.765742154561407	0.391395978991738	0.297887080013855	0.213371266002845	1.95513893538668	0.524611398963731	0.160342063067878	1.04760847852624	0.217199092761311	0.111163810991878	1.29944926388539	0.823954130388617	1.8291475654518	0.617409421210427	0.260982169538798	1.11296717451245	0.801434373109824	1.00975273372082	0.231167550240415	0.543739596818939	0.0608395862908133	0.521335661965957	0.0313054367108422	0.582126083217569	1.11084472148965	0.329723856270373	1.12258978853541	1.18515783644083	0.314758685008161	0.502181462024753
"g__Candidatus Carsonella"	0	0	0	0	0	0	0	0	0	0	0	0	0	0	0	0	0	0	0	0	0	0	0	0	0	0	0	0	0	0	0	0	0	0	0	0	0	0	0	0	0	0	0	0	0	0	0	0	0	0	0	0	0	0	0	0	0	0	0	0	0	0
"g__Cellulosimicrobium"	0	0	0	0	0	0	0	0	0	0	0	0	0	0.00315706393054459	0	0	0	0	0	0	0	0	0	0.00254077951115402	0	0	0	0	0	0	0	0	0	0	0	0	0	0	0	0	0	0	0	0	0	0	0	0	0	0	0	0	0	0	0	0	0	0	0	0	0	0
"g__Clostridium IV"	0.294495441586516	0.347463516330785	0.225733634311512	0.29833735585948	0.283323020809587	0.273372702541304	0.192551304788447	0.362114280151854	0.181336890593409	0.289040675612395	0.252477672683423	0.591529576478824	0.258185658960216	0.634569850039463	0.609942055504727	0.690523287178565	1.47195025138926	0.35261851900222	1.11694590314245	0.160099964856105	0.516889924286546	0.311311576899266	0.401673176542287	0.46750343005234	0.537470844741913	0.157128868444424	0.300793583070228	0.429948671326022	0.545474785706334	0.487984048693462	0.26628794603231	0.5134338206487	0.494541808154242	0.311109624326765	1.250432975407	2.94117647058824	0.836960160696351	0.272020725388601	0.650663444333418	0.279658195538786	0.805366547495483	0.463923637872769	0.36715740974047	0.17413463580378	0.22997608857887	1.20941104730931	0.229106484709632	0.442771751162276	0.416918690054437	0.298000197024924	0.711996054740476	0.754577399667098	0.138579057662408	0.463988739149702	0.999165188354378	0.334060990937355	0.375609366259091	0.0861778260706658	0.3878715548428	0.265829795089533	0.439107795134841	0.614370937583474
"g__Clostridium XI"	0.00626586045928757	0	0	0	0.0162829322304361	0	0	0.0369901684026088	0.00625299622735894	0.755704112774306	0	0	0.00293392794272973	0	0	0.00359647545405503	5.19317279703625	0	1.00441777110944	0.00390487719161232	0	0	0	0	0.826488185782375	0	0	0.0265166581434551	1.04085494823556	0.00787071046279778	0	0.0866032950491783	0	0.0200715886662429	1.6383789400762	0.476947535771065	0	0.00323834196891192	1.80791485604071	0.779047830429475	0.876484834505824	0	0	0.0169887449564663	0.507165811236845	0.0228670156003862	0	0	0	0	0.00308223400320552	0	0	0.00782003492948935	2.90097046853804	0	0.00266389621460348	0.00374686200307243	0	0	2.87557317167949	0.00712314130531564
"g__Clostridium XlVa"	5.09414455340079	5.23180780303783	13.313004105448	5.65500134084205	4.00560132868727	7.01214252537987	4.95059538890296	2.7255913559817	3.99983325343394	1.49203119701594	6.03120171835549	4.34721736086804	4.66494542894026	5.88476716653513	6.6178713022263	7.96259665527782	3.19859751256947	5.35784249706152	6.94131866299908	3.65496505134913	5.00509609784508	5.85478022463961	5.87550901687027	5.559225570405	4.51526214379881	4.0921822694874	1.86022698182439	3.26912513968597	1.60302794166759	5.7823486200021	8.04696812152874	6.40039590077737	4.66282276259715	10.9992305891011	4.18773813647385	1.34298385072379	13.3277535989287	3.85686528497409	4.0341133548672	2.24392409277549	1.96632453004268	1.03160016600462	1.29225009898852	8.58781057549374	2.71554546977566	5.20605721835459	4.35899990038848	6.43629118280435	4.99222327832023	3.7681016648606	4.25348292442362	3.21065285740706	5.23558439802609	3.06806037066966	3.63664823124282	6.23470265264272	2.12578917925358	6.58323653939826	8.2236228695036	6.39468340409821	1.18908836558638	4.11895645979877
"g__Clostridium XlVb"	0.626586045928757	0.541050332572223	1.76098636357636	0.86484312148029	3.15563226625851	0.646274301638909	1.43906764631366	2.06366202667186	1.91341684557184	1.93124384375656	0.531333609677054	1.26006300315016	0.484098110550405	0.110497237569061	1.14194707058385	0.413594677216328	0.201772955808415	3.55230508031866	0.864799533216638	1.08555585926823	1.91831683168316	1.00999380914478	0.520790049585861	1.28309365313278	1.00649021397424	0.316534966866304	4.10231248400034	0.6799628766786	0.261605254369365	1.24357225312205	0.494534756917146	1.35059900612409	1.69557191367169	0.27096644699428	0.755109109802563	0.72378880428416	1.70739872782055	2.28950777202072	0.508911765389352	2.08633891909888	0.317149117748818	0.394260982984526	3.51319246967352	1.50350392864727	5.02139843738101	0.447177193963108	1.07580436298436	0.803026948698854	0.455802298453297	0.84474436016156	0.397608186413512	2.28222674311078	1.00047319678226	0.821103667596381	0.532192424084316	1.1609446318714	1.4544873331735	0.479598336393271	0.417707828292246	0.461510060919328	0.481852801740887	0.286706437538954
"g__Clostridium XVIII"	0	0	0	0	0	0	0	0	0	0	0	0	0	0.0947119179163378	0	0	0	0	0	0	0	0	0	0	0	0	0	0	0	0	0	0	0	0	0	0	0	0	0	0	0	0	0	0	0	0	0	0	0	0	0	0	0	0	0	0	0	0	0	0	0	0
"g__Collinsella"	0	0	0	0	0	0	0	0	0	0	0	0	0	0	0	0.00719295090811005	0	0	0	0	0	0	0	0	0	0	0	0	0	0	0	0	0	0	0	0	0.0033478406427854	0	0	0	0	0	0	0	0	0	0	0	0	0	0	0	0	0	0	0	0	0	0	0	0	0
"g__Comamonas"	0	0	0	0	0	0	0	0	0	0	0	0	0	0	0	0	0	0	0	0	0	0	0	0	0	0	0	0	0	0	0	0	0	0	0	0	0	0	0	0	0	0	0	0	0	0	0	0	0	0	0	0	0	0	0	0	0	0	0	0	0	0
"g__Coprococcus"	0	0	0	0	0	0	0	0	0	0	0	0	0	0	0	0	0	0.00326498628705759	0	0	0	0	0	0	0	0	0	0	0	0	0	0	0	0	0	0	0	0	0	0	0	0	0	0	0	0	0	0	0	0	0	0	0	0	0	0	0	0	0	0	0	0
"g__Corynebacterium"	0	0	0	0	0	0	0.00506713959969597	0	0	0	0	0	0	0	0	0	0	0	0	0	0	0	0	0	0	0	0	0	0	0	0	0	0	0	0	0	0	0	0	0	0	0	0	0	0	0	0	0	0	0	0	0	0	0	0	0	0	0	0	0	0	0
"g__Desulfovibrio"	0.0626586045928757	0.00992752903802244	0.108246538090901	0.0201126307320998	0.276809847917413	0.014597571494924	0	0.0642460819624258	0.0562769660462305	0.547401056048055	0.0471040434110864	0.147007350367518	0.11148926182373	0.549329123914759	0.0338856697502626	0.931487142600252	0.0330775337390844	0.215489094945801	0.50429273985163	0.0175719473622555	0	0.00530644733351021	0.074794315632012	0.00508155902230804	0.0354933576716357	0.00227722997745542	0.121597405922007	0.0681856923688846	0.0111321384838027	0.493231189001994	0.431132865004692	0.0927892446955482	0.0113949725381162	0.00669052955541431	0.270176653966055	2.08769140657686	0.016739203213927	0.181347150259067	0.339274510259568	0.193097325491066	0.0153769269211548	0.0726270231813601	0.197977034663979	0.00424718623911659	0.245206293120517	0.154987550180395	0.0398446060364578	0.0543401694608248	0.0172816037328264	0.0911240271894395	0.0616446800641105	0.469761420380988	0.172378827823971	0.156400698589787	0.271313784827298	0	0.154505980447002	0	0.0447544101741692	0	1.33286702417036	0.131778114148339
"g__Dietzia"	0	0.00496376451901122	0	0	0.0130263457843488	0	0.126678489992399	0	0	0	0	0	0	0	0	0	0	0	0.00208385429690756	0	0.0546010483401281	0	0	0	0.00253523983368827	0	0	0	0	0	0	0	0	0	0	0.418375031378127	0	0	0	0	0	0	0	0	0.0045690613624941	0	0	0	0	0	0	0	0	0	0	0	0	0	0	0	0	0
"g__Dorea"	0	0	0	0	0	0.001327051954084	0	0	0	0	0	0	0	0	0	0	0	0	0	0	0	0	0	0.00254077951115402	0	0	0.00213328782319311	0	0.00278303462095068	0	0	0.00206198321545663	0.00227899450762324	0	0	0	0	0	0	0	0	0.00148218414655837	0	0	0	0	0	0	0.0021602004666033	0	0	0	0	0	0	0.00330753456373619	0	0	0	0	0	0
"g__Enhydrobacter"	0	0	0	0.00335210512201663	0	0	0	0	0	0	0	0.0210010500525026	0	0	0	0	0.119079121460704	0	0	0	0	0	0	0	0	0	0	0	0	0	0	0	0	0	0	0	0	0	0	0	0	0	0	0	0	0	0	0	0	0	0	0	0	0	0	0	0	0	0	0	0	0
"g__Enterococcus"	0	0	0	0	0.00651317289217442	0.001327051954084	0	0	0	0	0.0433357199381995	0	0	0.0978689818468824	0	0.00719295090811005	0	0	0.00208385429690756	0.0136670701706431	0	0	0	0	1.01156069364162	0	0	0	0	0	0.00253607567649819	0.0453636307400458	0	0	0	0	0	0	0	0.00221950948840306	0	0	0	0	0	0.396361603740027	0.00796892120729156	0	0.0021602004666033	0.0911240271894395	0	0	0	0	0	0	0	0	0	0	0	0
"g__Enterorhabdus"	0.00626586045928757	0	0.0884453420986628	0.0234647358541164	0.0195395186765233	0.108818260234888	0.0152014187990879	0.0467244232454006	0.0562769660462305	0.0936556379079268	0.10928138071372	0.101505075253763	0.0586785588545945	0.208366219415943	0.0101657009250788	0.248156806329797	0.274543530034401	0.0228549040094032	0.106276569142286	0.0234292631496739	0.134682585905649	0.120279472892898	0.0138507991911133	0.0584379287565425	0.0836629145117128	0.00683168993236627	0.0490656199334414	0.00378809402049359	0.0473115885561616	0.0734599643194459	0.0557936648829601	0.0309297482318494	0.0660908407210739	0.0936674137758004	0.200900588846554	0.309597523219814	0.0669568128557081	0.0550518134715026	0.0952757186345363	0.0155365664188214	0.0691961711451966	0.0133396573190253	0.0395954069327958	0.0212359311955829	0.0197992659041411	0.0711418263123126	0.0936348241856759	0.00201259886891944	0.0518448111984792	0.00738843463698158	0.151029466157071	0.0554836323284631	0.0270398161292503	0.0469202095769361	0.106960242095377	0.0132301382549448	0.0106555848584139	0.146127618119825	0.0522134785365308	0.0443049658482555	0.718893292919873	0.0872584809901166
"g__Erysipelotrichaceae_incertae_sedis"	0.147247720793258	0.0372282338925842	0.0158409567937904	0.181013676588898	0.110723939166965	0.0491009223011081	0.349632632379022	0.0759271877737759	0.0917106113345978	4.49062636244732	0.0772506311941817	0.0700035001750087	0.10562140593827	0.0568271507498027	0.00338856697502626	0.104297788167596	1.31648584281556	0.532192764790388	0.135450529298991	0.205006052559647	0.593331391962725	0.0795967100026533	0.127427352558243	0.177854565780781	0.101409593347531	0.0318812196843759	0.221861933612083	0.035986893194689	0.180897250361794	0.0314828418511911	0.0608658162359564	0.0103099160772831	0.0455798901524647	0.772756163650353	0.103914097679252	1.30951384821354	0.244392366923334	0.229922279792746	0.94113819626798	0.148707135723005	0.178756775458425	0.176379913440446	0.302364925668622	0.365258016564026	0.0746280022540703	0.0457340312007724	0.161370654447654	0.169058304989233	0.129612027996198	0.0098512461826421	0.0955492540993712	0.591825411503607	0.152098965727033	0.218960978025702	0.242617134509026	0.00992260369120857	0.215775593382882	0.183596238150549	0.391601089023981	0.0849178512091564	0.555685085878604	0.313418217433889
"g__Escherichia/Shigella"	0.0219305116075065	0	0	0	0	0	0	0	0.0104216603789316	0.0145327713995059	0	0	0.00586785588545945	0	0	0	0	0	0.147953655080437	0.00195243859580616	0	0	0	0	0	0	0	0	2.76355337860403	0	0	0.0247437985854795	0	0.00334526477770716	0.0381018358157257	0	0	0	0	0.035512151814449	0.791911736439473	0	0	0	0.0045690613624941	0.00254077951115402	0	0	0.0453642097986693	0	0	0	0	0	0.109569028487947	0	0	0	0	0	0.0427450066060465	0.00890392663164456
"g__Eubacterium"	0.122184278956108	0.0570832919686291	0.124087494884692	0.053633681952266	0.0260526915686977	0.168535598168668	0.0709399543957436	0.190791394918719	0.07920461887988	0.0177622761549516	0.154501262388363	0.0840042002100105	0.0674803426827837	0.0505130228887135	0.0813256074006302	0.197806149973026	0.00661550674781688	0.048974794305864	0.348003667583563	0.189386543793197	0.280285381479325	0.088440788891837	0.2077619878667	0.157528329691549	0.136902951019166	0.0318812196843759	0.0575987712262138	0.115536867625054	0.286652565957921	0.0682128240109141	0.0532575892064619	0.103099160772831	0.24613140682331	0.00334526477770716	0.29442327675788	0	0.0435219283562102	0.077720207253886	0.162665861083355	0.150926645211408	0.236420251412756	0.111163810991878	0.0467945718296678	0.050966234869399	0.0822431045248938	0.0762233853346207	0.167347345353123	0.158995310644635	0.0518448111984792	0.0886612156437789	0.0770558500801381	0.0702792676160532	0.0912593794362199	0.221567656335531	0.626108734216842	0.0463054838923067	0.117211433442553	0.0861778260706658	0.04848394435535	0.059073287797674	0.0699463744462579	0.174516961980233
"g__Faecalibacterium"	0	0	0	0	0.00325658644608721	0	0	0	0	0	0	0	0	0	0	0.00359647545405503	0	0	0	0	0	0	0	0	0	0	0	0	0	0	0	0	0	0	0	0	0	0	0	0	0	0	0	0	0	0	0	0	0	0	0	0	0	0	0	0	0	0	0	0	0	0
"g__Flavobacterium"	0	0	0	0	0	0	0	0	0	0	0	0	0	0	0	0	0	0	0	0	0	0	0	0	0	0	0	0	0	0	0	0	0	0	0	0	0	0	0	0	0	0	0	0	0	0	0	0	0	0	0	0	0	0	0	0	0	0	0	0	0	0
"g__Flavonifractor"	0.125317209185751	0.464111982527549	1.00986099560413	0.589970501474926	0.0130263457843488	0.853294406476014	0.28882695718267	0.218047308478536	0.295975154761656	0.0177622761549516	0.344801597769152	0.472523626181309	0.31979814575754	0.798737174427782	0.565890684829386	0.377629922675778	0.396930404869013	0.310173697270471	0.252146369925815	0.10152680698192	0.331246359930111	0.284779340231715	0.4155239757334	0.330301336450023	0.697190954264273	0.810693871974131	0.296527007423842	0.136371384737769	0.0723589001447178	0.388288382831357	0.190205675737364	0.546425552096006	0.519610747738098	0.0501789716656073	0.519570488396259	0.506233787967534	0.287914295279545	0.307642487046632	0.306741338042897	0.18865830651426	0.161457732672125	0.120056915871228	0.36715740974047	0.050966234869399	0.155348086324799	0.251537171604248	0.195238569578643	0.529313502525812	0.488205305452346	0.115752142646045	0.203427444211565	0.144257444054004	0.415737172987224	0.161614055209447	0.0834811645622456	0.386981543957134	0.18380883880764	0.363445614298025	0.839145190765673	0.372900129222817	0.0466309162975052	0.24574837503339
"g__Fusicatenibacter"	0	0.00248188225950561	0	0	0	0	0	0	0	0	0	0	0	0	0	0	0	0	0	0	0	0	0.00277015983822267	0.00254077951115402	0	0	0	0	0	0	0	0	0	0	0	0	0	0	0	0	0	0.00148218414655837	0	0	0.0015230204541647	0	0	0	0	0	0	0	0	0	0.00260878639257018	0	0	0	0	0	0	0.00178078532632891
"g__Gemmiger"	0	0	0	0	0	0	0	0	0	0	0	0	0	0	0	0	0	0	0	0	0	0	0	0	0	0	0	0	0	0	0	0	0	0	0	0	0	0	0	0	0	0	0	0	0	0	0	0	0	0	0	0	0	0	0	0	0	0	0	0	0	0
"g__GpI"	0	0	0	0	0	0	0	0	0	0	0	0	0	0	0	0	0	0	0	0	0	0	0	0	0	0	0	0	0	0	0	0	0	0	0	0	0	0	0	0	0	0	0	0	0	0	0	0	0	0	0	0	0	0	0	0	0	0	0	0	0	0
"g__Halomonas"	0	0	0	0	0	0	0	0	0	0	0	0	0	0	0	0	0	0	0	0	0	0	0	0	0	0	0	0	0	0	0	0	0	0	0	0	0	0	0	0	0	0	0	0	0	0	0	0	0	0	0	0	0	0	0	0	0	0	0	0	0	0
"g__Janibacter"	0	0	0	0	0	0	0.0202685583987839	0	0	0	0	0	0	0	0	0	0	0	0	0	0.029120559114735	0	0	0	0	0	0	0	0	0	0	0	0	0	0	0	0	0	0	0	0	0	0	0	0	0	0	0	0	0	0	0	0	0	0	0	0	0	0	0	0	0
"g__Janthinobacterium"	0	0	0	0	0	0	0	0	0	0	0	0	0	0	0	0	0	0	0	0	0	0	0	0	0	0	0	0	0	0	0	0	0	0	0	0	0	0	0	0	0	0	0	0	0	0	0	0	0	0	0	0	0	0	0	0	0	0	0	0	0	0
"g__Kocuria"	0	0	0	0	0	0	0	0	0	0	0	0.00700035001750087	0	0	0	0	0	0	0	0	0	0	0	0	0	0	0	0	0	0	0	0	0	0	0	0.0502050037653753	0	0	0	0.00443901897680612	0	0	0	0	0	0	0	0	0	0	0	0	0	0	0	0	0	0	0	0	0	0
"g__Lachnospiracea_incertae_sedis"	0	0	0	0	0	0	0	0	0	0	0	0	0	0	0	0	0	0	0	0	0	0	0	0	0	0	0	0	0	0	0	0	0	0	0	0	0	0	0	0	0	0	0	0	0	0	0	0	0	0.00246281154566053	0	0	0	0	0	0	0	0	0	0	0	0
"g__Lactobacillus"	5.02522008834863	0.208478109798472	0.432986152363603	0.231295253419147	3.16865861204285	1.83929400836042	0.70433240435774	1.0707680327071	1.68205598515956	3.93515154451065	4.37125522854882	6.3913195659783	3.91972773148691	12.9471191791634	0.172816915726339	9.40837978780795	3.67822175178619	1.95246179966044	9.06268233725098	15.5179819594674	4.23704135119394	0.992305651366411	9.00301947422366	0.48020732760811	8.66798499138018	0.138911028624781	12.4648007509173	3.43769532359793	14.107202493599	5.86892643509288	8.42230732165048	3.52805328164629	0.3236172200825	7.46997624862008	22.3242119847592	23.6842105263158	5.17910947438902	6.28562176165804	4.00622777868147	14.2758850294085	18.3292968900166	1.71488705756803	19.2181706921998	0.509662348693991	9.0391263954675	6.78388129478123	23.7673075007471	4.44381830257412	1.16650825196578	1.4161166387548	16.1385772407841	10.9894581098576	8.2809436895829	9.48830904778042	9.93425858290723	2.06390156777138	0.487493007272436	0.209824272172056	0.111886025435423	0.546427912128484	18.0073055102199	12.9676787463271
"g__Leifsonia"	0	0	0	0	0	0	0	0	0	0	0	0	0	0	0	0	0	0.00652997257411519	0	0	0	0	0	0	0.0076057195010648	0	0	0.00757618804098718	0.00278303462095068	0	0	0	0	0	0.00346380325597506	0	0	0	0	0	0	0	0	0	0	0	0	0	0	0	0	0	0	0	0	0	0	0	0	0	0	0
"g__Luteimonas"	0	0	0	0	0	0	0	0	0	0	0	0	0	0	0	0	0	0	0	0	0	0	0	0	0	0	0	0	0.0194812423466548	0	0	0	0	0	0	0.142247510668563	0	0	0	0	0	0	0	0	0	0	0	0	0	0	0	0	0	0	0	0	0	0	0	0	0	0
"g__Mesorhizobium"	0	0	0	0	0	0	0	0	0	0	0	0	0	0	0	0	0	0.00979495886117278	0	0	0.00728013977868375	0	0	0	0	0	0	0	0	0	0	0	0	0	0	0	0	0	0.00697139404642948	0	0	0	0	0	0	0	0	0	0	0	0	0	0	0	0.00782635917771053	0	0	0	0	0	0.00388590969145877	0
"g__Methylobacterium"	0.0469939534446568	0.0496376451901122	0.00396023919844759	0	0.00325658644608721	0.00663525977042001	0	0.0700866348681008	0.114638264168247	0.025836038043566	0.0998605720315032	0	0	0	0.0813256074006303	0	0	0.215489094945801	0.0395932316412436	0.0175719473622555	1.01557949912638	0.0283010524453878	0.0277015983822267	0.0177854565780782	0.0912686340127776	0.075148589256029	0.00853315129277242	0.340928461844423	0.133585661805633	0	0	0.0371156978782193	0.00227899450762324	0	0.232074818150329	3.94946029620952	0	0	0.00232379801547649	0.261902119631561	0.0115326951908661	0.0133396573190253	0.0287966595874879	0	0.1035653908832	0.0330301336450022	0.0278912242255205	0.0221385875581138	0.0086408018664132	0.0566446655501921	0	0	0	0.218960978025702	1.9852864447459	0.0198452073824171	0	1.61115066132114	0.0447544101741692	0	0.0116577290743763	0.0463004184845517
"g__Micrococcus"	0	0	0	0	0	0	0.131745629592095	0	0	0	0	0.0210010500525026	0.00293392794272973	0	0	0.00719295090811005	0	0.00979495886117278	0	0	0	0	0	0	0	0	0	0	0	0	0	0	0	0	0	0.112961258472094	0	0	0	0.00887803795361225	0	0	0	0	0	0	0	0	0.0021602004666033	0	0	0	0	0.00782003492948935	0	0	0	0.0337217580276518	0	0.0184604024367731	0	0
"g__Modestobacter"	0	0	0	0	0	0	0	0	0	0	0	0	0	0	0	0	0	0	0	0	0	0	0	0	0	0	0	0	0	0	0	0	0	0	0	0	0	0	0	0	0	0	0	0	0	0	0	0	0	0	0	0	0	0	0	0	0	0	0	0	0	0
"g__Mucispirillum"	0.773833766722015	4.77265958502929	4.29817961004845	4.40466613032985	4.2009965154525	0.200384845066684	0.942487965543451	1.06492747980142	2.59707776642975	5.48854333188006	0.45219881674643	4.95274763738187	1.54031216993311	3.75374901341752	2.07041442174105	5.40909908289876	0.241465996295316	6.08593443907536	0.77727765274652	0.333866999882854	0.378567268491555	1.71575130450164	0.534640848776974	2.86599928858174	3.7597606733597	2.25673490765832	2.39781551326905	1.84290774097013	0.384058777691194	3.72809318921188	9.13494458674647	2.18776419159948	0.656350418195492	0.0936674137758004	0.820921371666089	7.09564053217304	0.917308336123201	1.34391191709845	1.19443217995492	1.21851070913328	0.232576019682466	0.942669117211122	8.32943378568086	1.34211085156084	3.93700787401575	1.70486305198435	0.53790218149218	0.434721355686598	3.25326190270457	9.090237415033	0.471581802490445	3.57314592195302	0.878794024200635	1.28769908505591	0.14087446519879	2.28881391810544	0.285036894962572	1.47251676720746	1.93189870585164	5.67841978955141	0.722779202611331	0.612590152257145
"g__Neisseria"	0	0	0	0	0	0	0	0	0	0	0	0	0	0	0	0	0	0	0	0	0	0	0	0	0	0	0	0	0	0	0	0	0	0	0	0	0	0	0	0	0	0	0	0	0	0	0	0	0	0	0	0	0	0	0.0417405822811228	0	0	0	0	0	0	0
"g__Novosphingobium"	0	0	0	0	0	0	0	0	0	0	0	0	0	0	0	0	0	0	0	0	0	0	0	0	0	0	0	0	0	0	0	0	0	0	0	0	0	0	0	0	0	0	0	0	0	0	0	0	0.0021602004666033	0	0	0	0	0	0	0	0	0	0	0	0	0
"g__Odoribacter"	5.33538018108336	0.411992455077932	0.242894670838118	1.90064360418343	0.801120265737454	0.248158715413708	1.96605016468203	1.7482721697654	0.468974717051921	0.134024447350998	1.48660361005389	1.55057752887644	0.927121229902594	3.52328334648776	0.332079563552574	0.377629922675778	1.27348504895475	1.19498498106308	0.35008752188047	3.83068452497169	0.669772859638905	0.440435128681347	2.66766392420842	0.282026525738096	1.82283744042187	0.234554687677909	1.67463094120659	2.19141239085554	1.26906378715351	2.41368454192465	1.16659481118917	2.06198321545663	1.05289546252194	3.21479945137658	0.710079667474887	0.740523805539285	3.17040508871778	2.00129533678757	1.2362605442335	2.29497281100877	1.06100795755968	6.16440386553625	2.13815197437097	1.14249309832236	2.55715134254253	2.03262360892321	2.87478832553043	2.56405095900336	1.27235807482934	1.17476110728007	1.10960424115399	0.821157758461254	2.70736158994119	1.26684565857727	0.229573202546176	0.909572005027452	2.23234502783772	0.0974184120798831	0.458732704285234	0.952556765737494	1.64373979948706	4.33443148428457
"g__Oscillibacter"	1.78263730066731	1.83907475429366	1.99200031681913	2.66492357200322	1.56967466701404	2.29978103642757	2.22447428426653	1.73075051104838	1.2026596077287	0.913949845791148	1.23035761389758	1.80259012950647	4.46250440089191	1.08918705603789	2.31777981091796	0.6078043517353	0.65824292140778	2.56954420791433	0.866883387513545	1.16560584169628	2.52256843331393	2.13142301229327	2.43774065763595	2.19523349763707	1.61494777405943	1.73297201284358	1.85809369400119	1.76714586056025	0.423021262384505	2.29300031482842	0.933275848951333	3.91776810936759	2.07844299095239	0.739303515873281	2.48008313127814	1.02920257719019	1.81452962838969	3.59455958549223	1.28970789858946	1.46709577183442	0.59201168646446	1.41845022825636	1.65940750872899	2.27224463792738	1.36310330647741	3.05909853142944	1.19135372049009	2.93638174975345	2.86874621964918	1.48261255048764	2.63222783873752	1.06898464952839	2.16318529034003	2.10098271772281	0.318271939893562	1.50492822649997	2.26697567862756	1.36760463112144	2.75985529407377	2.98320103378253	1.40281339861662	2.25981657911139
"g__Paenibacillus"	0	0	0	0	0	0	0	0	0	0	0	0	0	0	0	0	0	0	0	0	0	0	0	0	0	0	0	0	0.00278303462095068	0	0	0	0	0	0	0	0	0	0	0	0	0	0	0	0	0	0	0	0	0	0	0	0	0	0	0	0	0	0	0	0	0
"g__Parabacteroides"	0.25690027883079	0.0794202323041795	0.0237614351906855	0.0100563153660499	0.547106522942652	0.0345033508061841	0.0506713959969597	0.196631947824394	0.0291806490610084	0.528024027515381	0.282624260466518	0.0770038501925095	0.0968196221100809	0.0536700868192581	0.0881027413506827	0.0935083618054307	0.0628473141042604	0.127334465195247	1.96090689339002	0.195243859580616	0.145602795573675	0.0141505262226939	0.279786143660489	0.0457340312007724	0.273805902038332	0.0341584496618313	0.040532468640669	0.0984904445328333	0.706890793721474	0.558820442858642	0.0228246810884837	0.228880136915685	0.07748581325919	0.0434884421101931	0.710079667474888	1.38900510417538	0.0234348844994978	0.0939119170984456	0.102247112680966	1.02541338364222	0.488217429746665	0.22677417442343	0.0395954069327958	0.110426842217031	0.563517568040939	0.403983942273489	0.20719195138958	0.203272485760863	0.114490624729975	0.088661215643779	0.120207126125015	0.0850749029036434	0.0168998850807815	0.208534264786383	2.91140561410831	0.148839055368128	0.0745890940088974	0.116152722095245	0.0261067392682654	0.0369208048735463	0.660604647547991	0.169174606001247
"g__Paracoccus"	0	0	0	0	0	0	0	0	0	0	0	0.00350017500875044	0	0	0	0	0	0	0	0	0	0	0	0	0	0	0	0	0	0	0	0	0	0	0	0	0	0	0	0	0	0	0	0	0	0	0	0	0	0	0	0	0	0	0	0	0	0	0	0	0	0
"g__Parasutterella"	0.137848930104327	0.198550580760449	0.113526857022164	0	0.0423356237991337	0.17251675403092	0.0912085127945275	0.718388007398033	0.0812889509556663	0.143712961617335	0.474808757583751	0.346517325866294	0.143762469193757	0.236779794790844	0.193148317576497	0.273332134508182	0	0.195899177223456	1.09193965157956	0.355343824436721	0.240244612696563	0.0566021048907756	0.0747943156320119	0.142283652624625	0.512118446405029	0.0500990595040193	0.142930284153938	0.204557077106654	0.150283869531337	0.102319236016371	0.116659481118917	0.437140441676805	0.157250621026004	0.926638343424882	0.183581572566678	1.82829888712242	0.0535654502845664	0.126295336787564	0.0766853345107243	0.785706358894684	0.20758851343559	0.29940119760479	0.183578704870235	0.0594606073476322	0.472136340791057	0.162609888713858	0.53790218149218	0.0523275705919053	0.133932428929405	0.14038025810265	0.342127974355813	0.166450896985389	0.18251875887244	0.490055522247999	0.832202859229886	0.605278825163723	0.157169876661605	0.23230544419049	0.0783202178047962	0.0553812073103193	0.396362788528794	0.119312616864037
"g__Pelomonas"	0	0	0	0	0	0	0	0	0	0	0	0	0	0	0	0	0	0	0	0	0	0.00176881577783674	0	0	0	0	0	0	0	0	0	0	0	0.00334526477770716	0	0	0	0	0	0	0	0	0	0	0	0	0	0	0	0	0	0	0	0	0	0	0	0	0	0	0	0
"g__Peptoniphilus"	0	0	0	0	0	0	0	0	0	0	0	0	0	0	0	0	0	0	0	0	0	0	0	0	0	0	0	0	0	0	0	0	0	0	0	0	0	0	0	0	0	0	0	0	0	0	0	0	0	0	0	0	0	0	0	0	0	0	0	0	0	0
"g__Phascolarctobacterium"	0	0	0	0	0	0	0	0	0	0	0	0	0	0	0	0	0	0	0	0	0	0	0	0	0	0	0	0	0	0	0	0	0	0	0	0	0	0	0	0	0	0	0	0	0.0015230204541647	0	0	0	0	0	0	0	0	0	0	0	0	0	0	0	0	0
"g__Planococcus"	0	0	0	0	0	0	0	0	0	0	0	0	0	0	0	0	0	0	0	0	0	0	0	0	0	0	0	0	0	0	0	0	0	0	0	0	0	0	0	0	0	0	0	0	0	0	0	0	0	0	0	0	0	0	0	0	0	0	0	0	0	0
"g__Prevotella"	1.09652558037533	0.828948674674873	0.44354679022613	0.157548940734781	0.00325658644608721	1.11339658947648	0.111477071193311	0.597683247347416	0.216770535881777	0.773466388929258	0.00188416173644346	0.857542877143857	0.654265931228729	0.00315706393054459	1.39947816068585	0.356051069951448	1.16763694098968	0.568107613948021	3.35083770942736	0.499824280526377	2.05299941758882	0.127354736004245	0.808886672761018	1.1992479292647	0.823952945948687	0.694555143123904	0.117330830275621	1.03036157357426	4.38884559723923	2.32185958652534	0.116659481118917	0.87428088335361	1.59757514984389	0.157227444552236	2.78489781780395	0.631746297380972	0.177435554067626	0.60880829015544	0.85515766969535	0.665852846520919	3.19263445200477	0.496531689097053	0.154782045282747	0.377999575281376	0.40512344080781	2.34513948879516	0.579739017830461	0.794976553223177	0.423399291454247	0.312777066298887	1.08494636912834	0.107268355835029	0.304197931454066	0.768970101399786	3.27402692267557	1.03525831844943	1.12949199499188	1.5624414552812	0.570618729720658	0	0.345845962539831	0.626836434867777
"g__Propionibacterium"	0	0	0	0	0	0	0	0	0	0	0	0	0	0	0	0	0	0	0	0	0.00728013977868375	0	0	0	0	0	0	0	0	0	0	0	0	0	0	0	0	0	0.0116189900773825	0	0	0	0	0	0	0	0	0	0.0021602004666033	0	0	0	0	0	0	0	0	0	0	0	0	0
"g__Pseudoflavonifractor"	0.0720573952818071	0.821503027896357	0.580835082438979	0.368731563421829	0.36148109551568	0.323800676796497	0.0861413731948315	0.167429183296019	0.187589886820768	0.0597458379757464	0.231751893582545	0.129506475323766	0.275789226616594	0.340962904498816	0.420182304903256	1.06815320985434	0.0231542736173591	0.218754081232859	0.277152621488706	0.255769456050607	0.29120559114735	0.275935261342531	0.2077619878667	0.396361603740027	0.354933576716357	0.409901395941976	0.552521546207014	0.151523760819744	0.0695758655237671	0.595550425018365	0.34997844335675	0.369094995566736	0.389708060803573	0.183989562773894	0.183581572566678	0.343067525730064	0.421827920990961	0.307642487046632	0.216113215439314	0.126512040838975	0.076884634605774	0.0652161024485682	0.464346135848242	0.50966234869399	0.0746280022540703	0.365872249606179	0.322741308895308	0.201259886891944	0.468763501252916	0.302925820116245	0.249660954259647	0.303310523395598	0.344757655647942	0.336261501968042	0.1487008243765	0.27783290335384	0.868430165960734	0.183596238150549	0.4848394435535	0.509507107254938	0.147664568275433	0.133558899474668
"g__Pseudomonas"	0	0	0	0	0	0	0.0152014187990879	0	0	0	0	0	0.00586785588545945	0.0315706393054459	0	0	0	0	0	0	0	0	0	0	0	0	0	0	0	0	0	0.00206198321545663	0	0	0	0.217555016316626	0	0	0	0	0	0	0	0.00424718623911659	0	0	0	0	0	0	0	0	0	0	0	0	0	0	0	0	0	0
"g__Psychrobacter"	0	0	0	0	0	0	0	0	0	0	0	0	0	0	0	0	0	0.00652997257411519	0	0	0	0	0	0	0	0	0	0	0	0	0	0	0	0	0	0	0	0	0	0	0	0	0	0	0	0	0	0	0.0043204009332066	0	0	0	0	0	0	0	0	0	0	0	0	0
"g__Ralstonia"	0.0469939534446568	0.00496376451901122	0.0343220730532124	0.0335210512201663	0.045592210245221	0.0491009223011081	0.238155561185711	0.00194685096855836	0.00833732830314526	0.416606113452502	0.00376832347288691	0.0175008750437522	0.0264053514845675	0.0347277032359905	0.0271085358002101	0.107894263621651	6.466657845991	0.0914196160376126	0.018754688672168	0.0156195087664493	4.26252184041934	0.194569735562041	0.00277015983822267	0.0304893541338483	0.0177466788358179	0.0273267597294651	0.0127997269391586	0.0132583290717276	0.0306133808304575	0.00524714030853185	0.0152164540589891	0.0268057818009361	0.0205109505686091	0.0401431773324859	0.103914097679252	0.49368253702619	0	0.00647668393782383	2.16810354843957	0.13760958828099	0.00961057932572175	0.00296436829311674	0.0107987473453079	0.0339774899129327	0.0533057158957645	0.00508155902230804	0.00398446060364578	0.00402519773783887	0.0086408018664132	0.0147768692739632	0	0	0.00337997701615629	0.00521335661965957	0.0860899509548158	0	0	0.101165274082956	0	0	3.99082925312816	0.00356157065265782
"g__Raoultella"	0	0	0	0	0	0	0	0	0	0	0	0	0	0	0	0	0	0	0	0	0	0	0	0	0	0	0	0	0	0	0	0	0	0	0	0	0	0	0	0	0	0	0	0	0	0	0	0	0	0	0	0	0	0	0	0	0	0	0	0	0	0
"g__Roseburia"	0.00939879068893136	4.96128263675171	0.00396023919844759	0.0838026280504156	0.0749014882600059	0.648928405547077	0.106409931593615	4.64908011291736	4.84607207620318	1.84889147249269	2.79986434035498	1.47707385369268	0.75401948128154	0.0378847671665351	0.105045576225814	0.539471318108254	0.00330775337390844	0.274258848112838	0.0229223972659832	0.695068140106994	0.738934187536401	0.00176881577783674	4.67879996675808	2.61700289648864	1.89128891593145	6.11208525949036	0.134397132861166	5.37341136807016	0.592786374262496	0.0472242627767867	0.317009459562274	3.15483431964864	0.230178445269947	6.13187033753721	0.0450294423276758	0.00418375031378127	0.0602611315701373	0.239637305699482	0.0418283642785769	1.14304738652758	0.66697420520509	0.583980553743997	0.0971887261077715	0.140157145890848	3.29733928326657	0.437014075918492	0.673373842016137	6.35981242578542	2.87522682104899	8.52132794798542	0.625693502650721	1.35749953763639	0.0777394713715947	1.67870083153038	0.044349368673693	3.7375140570219	2.95426090199526	3.35718835475289	3.46473725431694	3.1567288166882	0.0233154581487526	0.0142462826106313
"g__Ruminococcus"	1.27510260346502	0.342499751811774	0.260055707364725	0.321802091713596	0.0749014882600059	0.302567845531153	0.121611350392703	0.147960673610435	0.00833732830314526	0.702417284309451	0.625541696499228	0.108505425271264	0.384344560497594	0.0441988950276243	0.28125105892718	0.575436072648804	0.231542736173591	0.326498628705759	0.712678169542386	0.505681596313796	1.55430984274898	0.0389139471124082	0.559572287320978	0.439554855429646	0.289017341040462	0.143465488579692	0.0447990442870552	0.329564179782942	2.20416341979294	0.592926854864099	0.57315310288859	0.544363568880549	0.685977346794594	0	0.706615864218912	0.00836750062756255	0.53900234348845	0.563471502590674	0.295122347965515	2.03307069137721	2.61023334486603	0.0859666805003854	0.0683920665202837	0.399235506476959	1.29609040649416	0.802886325524671	0.490088654248431	0.466922937589309	0.0345632074656528	0.100975273372082	1.784613487856	0.617717773256889	0.0101399310484689	0.310194718869744	1.45048523426902	0.502745253687901	1.04158341990996	0.809322192663644	0.275985529407377	0.0369208048735462	0.0194295484572939	1.37832784257858
"g__Saccharibacteria_genera_incertae_sedis"	0.272564929979009	0.0918296436017075	0.125407574617507	0.402252614641995	0.182368840980884	0.116780571959392	0.932353686344059	0.138226418767643	0.104216603789316	0.332638989810912	0.307118363040283	0.56002800140007	0.363807064898486	0.476716653512234	0.10843414320084	0.7516633698975	1.40248743053718	0.153454355491707	0.200050012503126	0.279198719200281	0.273005241700641	0.25470947200849	0.229923266572481	0.177854565780782	0.461413649731265	0.059207979413841	0.0981312398668828	0.257590393393564	1.91751085383502	0.69524609088047	0.284040475767797	0.129904942573767	0.16864559356412	0.227478004884087	1.17076550051957	1.20492009036901	0.33478406427854	1.06541450777202	1.16887040178468	0.679169903451337	1.06293007342483	0.262346593940831	0.165580792628055	0.88341473773625	0.300035029470446	0.309975100360791	0.364578145233589	0.352204802060901	0.142573230795818	0.0689587232784947	0.46849956848724	0.388385426299242	0.415737172987224	0.609962724500169	0.936554314932693	0.102533571475822	1.29198966408269	0.1086589980891	0.227501585052027	0.387668451172236	4.76801119141991	0.525331671267029
"g__Sediminibacterium"	0.0125317209185751	0	0.00132007973281586	0	0	0.00663525977042001	0	0	0.00208433207578631	0.0242212856658431	0	0	0	0	0	0	0.727705742259857	0	0	0	0.029120559114735	0.00884407888918369	0	0.00254077951115402	0	0.00455445995491085	0	0	0.0166982077257041	0	0	0	0	0	0	0.0418375031378127	0	0	0.171961053145261	0.0133170569304184	0.00192211586514435	0	0	0	0.0045690613624941	0	0	0	0	0	0.00308223400320552	0	0	0	0.0313054367108421	0	0	0.0224811720184346	0	0	0.248698220253361	0.00534235597898673
"g__Skermanella"	0	0	0	0	0	0	0	0	0	0	0	0	0	0	0	0	0	0	0	0	0	0	0	0	0	0	0	0	0	0	0	0	0	0	0	0	0	0	0	0	0	0	0	0	0	0	0	0	0	0	0	0	0	0	0	0	0	0	0	0	0	0
"g__Sphingomonas"	0	0	0	0	0	0.001327051954084	0	0	0	0	0	0	0	0	0	0	0	0	0.00416770859381512	0	0	0	0	0	0	0	0	0	0	0	0	0	0	0	0	0	0	0	0	0.00221950948840306	0	0	0	0	0.0395985318082822	0	0	0	0.0172816037328264	0	0	0	0	0	0	0	0	0	0	0	0	0.00178078532632891
"g__Staphylococcus"	0.00313293022964379	0	0.0422425514501076	0	0	0.0928936367858802	0	0	0	0.0064590095108915	0.00376832347288691	0.0105005250262513	3.83170989320503	0.0820836621941594	0	0	0	0.0130599451482304	0	0.00780975438322465	0.112842166569598	0	0	0.00254077951115402	0	0	0	0	0.00834910386285205	0.00524714030853185	0.00253607567649819	0	0.00227899450762324	0.0100357943331215	0.00346380325597506	0.0962262572169693	0.0100435219283562	0.113341968911917	0	0	0	0.00148218414655837	0.00719916489687196	0.00424718623911659	0	0	0	0.00201259886891944	0	0	0.970903711009739	0	0.00337997701615629	0	0	0	0.00266389621460348	0.00749372400614485	0.00372953418118077	0.059073287797674	0	0.00356157065265782
"g__Stenotrophomonas"	0	0	0	0	0	0	0	0	0	0	0	0	0	0	0	0	0	0	0	0	0	0	0	0	0	0	0	0	0	0	0	0	0	0	0	0.0376537528240315	0	0	0	0	0	0	0	0	0	0	0	0	0	0	0	0	0	0	0	0	0	0	0	0	0	0
"g__Streptococcus"	0	0	0	0	0	0	0	0	0	0	0	0	0	0	0	0.0143859018162201	0	0	0	0	0	0	0	0	0	0	0	0	0	0	0	0	0	0	0	0	0	0	0	0	0	0	0	0	0	0	0	0	0	0	0	0	0	0	0	0	0	0	0	0	0	0
"g__Streptophyta"	0	0	0	0	0	0.00796231172450401	0	0	0.0104216603789316	0	0	0	0	0.00315706393054459	0	0	0	0	0	0	0	0.00176881577783674	0	0	0	0	0	0	0	0	0	0	0	0	0	0	0	0	0	0	0	0	0	0	0	0	0	0	0	0	0	0	0	0	0	0	0	0	0	0	0	0
"g__Turicibacter"	0.0939879068893136	0	0.00132007973281586	0	0	0.001327051954084	0	0	0.0166746566062905	1.72132603465259	0	0	0	0	0	0	18.606112728235	0	5.14712011336167	0.00195243859580616	0.00364006988934188	0	0	0	2.65439610587162	0	0	0.00568214103074038	12.7045530446399	0.0236121313883933	0	0.103099160772831	0	0	0	1.07522383064179	0	0	9.16505937303929	0.832316058151149	14.3774266712797	0	0	0	0.374663031724516	0.0660602672900046	0	0	0.0021602004666033	0	0.00308223400320552	0	0	0	7.18720651153084	0.00330753456373619	0	0	0	0	3.12427139193285	0.0427388478318939
"g__unknown_ Acidaminococcaceae"	0	0	0	0	0	0	0	0	0	0	0	0	0	0	0	0	0	0	0	0	0	0	0	0	0	0	0	0	0	0	0	0	0	0	0	0	0	0	0	0	0	0	0	0	0	0	0	0	0	0	0	0	0	0	0	0	0	0	0	0	0	0
"g__unknown_ Acidimicrobiales"	0	0	0	0	0	0	0	0	0	0	0	0	0	0	0	0	0	0	0	0	0	0	0	0	0	0	0	0	0	0	0	0	0	0	0	0	0	0	0	0	0	0	0	0	0	0	0	0	0	0	0	0	0	0	0	0	0	0	0	0	0	0
"g__unknown_ Actinomycetales"	0	0	0	0	0	0	0	0	0	0	0	0	0	0	0	0	0	0	0	0	0	0	0	0	0	0	0	0	0	0	0	0	0	0	0	0	0	0	0	0	0	0	0	0	0	0	0	0	0	0	0	0	0	0	0	0	0	0	0	0	0	0
"g__unknown_ Alphaproteobacteria"	0.187975813778627	0.0471557629306066	0	0	0	0.017251675403092	0	0.027255913559817	0	0.116262171196047	0.324075818668275	0.0700035001750088	0.31979814575754	0	0	0.00359647545405503	0.00330775337390844	0.146924382917592	0.352171376177378	0.0312390175328986	0.200203843913803	0	0.958475304025042	0.0355709131561563	0.294087820707839	0	0.0234661660551242	0.0416690342254295	0.166982077257041	0.136425648021828	0	0.0412396643091325	0.0364639121219718	0.00669052955541431	0.169726359542778	0.108777508158313	0.033478406427854	0.155440414507772	0.0395045662631004	1.03429142159582	0.194133702379579	0.0652161024485682	0.0539937367265397	0.0127415587173498	0.933611538402961	0.129579755068855	0.0219145333200518	0.796989152092097	0.0561652121316858	0.0270909270022658	0.249660954259647	0.0147956352875902	0.00337997701615629	0.0677736360555743	0.362621308567254	0.0264602765098895	0.0932363675111218	0.0449623440368691	0.00372953418118077	0	0.0466309162975052	0.110408690232392
"g__unknown_ Bacillales"	0	0	0	0	0	0	0	0	0	0	0	0	0	0.015785319652723	0	0	0	0	0	0	0	0	0	0	0	0	0	0	0	0	0	0	0	0	0	0	0	0	0	0	0	0	0	0	0	0	0	0	0	0	0	0	0	0	0	0	0	0	0	0	0	0
"g__unknown_ Bacteria"	1.26883674300573	0.481485158344088	0.294377780417937	0.0905068382944489	0.045592210245221	0.0915665848317962	2.1434000506714	0.953956974593595	0.318902807595306	0.560319075069838	0.994837396842145	0.658032901645082	0.331533857528459	0.249408050513023	0.0609942055504727	0.0143859018162201	0.172003175443239	0.287318793261068	0.295907310160874	1.47799601702526	0.593331391962726	0.553639338462899	1.69533782099227	0.203262360892322	1.29804279484839	0.170792248309157	0.153596723269904	0.54359149194083	0.219859735055104	0.139049218176094	0.0481854378534655	0.614470998206075	0.141297659472641	0.00334526477770716	0.128160720471077	1.14216383566229	1.02778707733512	0.86139896373057	0.45081681500244	2.61902119631561	0.138392342290393	0.78111104523626	0.248371188942083	0.479932045020174	5.65497494631353	1.91320697189898	1.0180296842315	1.90995632660454	0.473083902186123	0.859521229435524	0.616446800641105	0	0.270398161292503	0.96968433125668	0.174788688302202	0.638354170801085	0.0106555848584139	0.438382854359474	0.648938947525454	0.195680265829795	0.641175099090697	0.822722820763957
"g__unknown_ Bacteroidales"	2.25570976534353	0.250670108210066	0.260055707364725	0.221238938053097	0.136776630735663	0.290624377944396	0.6283253103623	0.416626107271488	0.0917106113345978	0.515106008493598	0.629310019972115	0.71403570178509	0.340335641356648	0.356748224151539	0.52522788112907	0.0683330336270455	0.55239481344271	0.316703669844586	3.26748353755106	0.905931508454059	0.451368666278393	0.150349341116123	1.93357156707942	0.398902383251181	0.752966230605415	0.211782387903354	0.443723867224166	0.314411803700967	2.80529889791829	0.989085948158253	0.502142983946641	0.676330494669773	0.396545044326443	0.110393737664336	0.775891929338414	1.40574010543051	0.264479410780047	0.268782383419689	0.546092533636976	2.06858284319165	2.95429208472687	0.794450702555286	0.518339872574782	0.73476321936717	1.04783807246531	1.00868946592815	0.743101902579938	1.40680660937469	0.295947463924652	0.167471185104915	0.903094562939219	0.340299611614574	0.358277563712567	0.737689961681829	2.67400605238443	0.45974730435933	1.08953355177282	0.427142268350256	0.440085033379331	0.317518921912498	0.835470583663635	1.73626569317069
"g__unknown_ Bacteroidetes"	0.576459162254457	0.245706343691055	0.219133235647433	0.227943148297131	0.250757156348715	0.1327051954084	0.334431213579934	0.667769882215516	0.1980115471997	0.12918019021783	0.382484832498022	0.378018900945047	0.334467785471189	0.132596685082873	0.355799532377757	0.356051069951448	0	0.326498628705759	0.385513044927899	0.523253543676051	0.265725101921957	0.111435394003715	0.487548131527189	0.274404187204634	0.354933576716357	0.325643886776126	0.351992490826862	0.611777184309715	0.411889123900701	0.658516108720747	0.542720194770612	0.352599129843083	0.202830511178468	0.00334526477770716	0.377554554901282	0.506233787967534	0.395045195848678	0.249352331606218	0.0255617781702414	0.0621462656752858	0.484373198016376	1.63929566609356	0.449947806054498	0.386493947759609	0.0807200840707291	0.457340312007724	0.561808945114055	0.406544971521726	0.408277888188024	0.219190227563787	0.548637652570583	0.273719252820418	0.239978368147097	0.508302270416808	0.172179901909632	0.105841106039558	0.202456112309864	0.052456068043014	0.152910901428412	0.321211002399852	0	0.698067847920933
"g__unknown_ Bradyrhizobiaceae"	0	0	0.00132007973281586	0	0	0	0	0	0.00208433207578631	0.00322950475544575	0.00376832347288691	0	0	0	0	0	0.0793860809738026	0	0	0	0.0109202096680256	0	0	0	0	0	0	0	0.00278303462095068	0	0	0	0	0	0	0	0	0	0.0116189900773825	0.00887803795361225	0	0	0	0	0	0.00254077951115402	0	0	0	0	0	0	0	0.0104267132393191	0.00260878639257018	0	0	0	0	0	0.050516825988964	0
"g__unknown_ Burkholderiales"	0	0	0	0	0	0	0	0	0	0	0	0	0	0	0	0	0	0	0	0	0	0	0	0	0	0	0	0	0	0	0	0	0	0	0	0	0	0	0	0.00221950948840306	0	0	0	0	0	0	0	0	0	0	0	0	0	0	0	0	0	0	0	0	0	0
"g__unknown_ Clostridiales"	2.78517497415333	1.98550580760449	3.32528084696316	1.95092518101368	2.50105839059498	3.06150885807179	5.62452495566253	2.19604789253383	1.56324905683974	1.08188409307433	3.91340392659305	5.89779488974449	3.2273207370027	2.49723756906077	2.5549794991698	4.04243841035785	7.59129399311988	2.32793522267207	2.04217721096941	1.46042406966301	1.75087361677344	1.60431591049792	1.49311615280202	3.8518217389095	3.27806510495893	1.62821943388063	1.2074409079273	3.60815955452014	3.09195146387621	3.1955084478959	2.61469402246963	1.70319813596717	2.17416076027257	2.84347506105108	2.49740214755802	3.63986277298971	5.12889186474725	5.08743523316063	4.97060395510423	2.2461436022639	4.61307807634644	7.74885871820715	1.98696951153666	3.96262476109577	1.94337409951416	3.66888561410641	1.40452236278514	1.55171372793689	3.13661107750799	0.943256821987982	5.11650844532117	2.32661364897355	4.05597241938755	2.78132575658838	2.34008139413545	1.92498511609446	5.59418205066731	2.01955861965604	2.04378473128706	2.27432158021045	5.27317945130955	3.67910248419553
"g__unknown_ Comamonadaceae"	0	0	0	0	0	0	0	0	0	0	0	0	0	0	0	0	0	0	0	0	0	0	0	0	0	0	0	0	0	0	0	0	0	0	0	0	0	0	0	0	0	0	0	0	0	0	0	0	0	0	0	0	0	0	0	0	0	0	0	0	0	0
"g__unknown_ Coriobacteriaceae"	0.00939879068893136	0	0	0.00670421024403325	0	0.011943467586756	0	0.00389370193711671	0.0229276528336495	0.00322950475544575	0.00942080868221728	0.00350017500875044	0	0	0	0	0.208388462556232	0.00326498628705759	0.0104192714845378	0.00585731578741849	0	0.0159193420005306	0.00554031967644533	0.0127038975557701	0.00507047966737653	0.00227722997745542	0.00639986346957932	0	0	0	0	0.00206198321545663	0	0	0	0.673583800518785	0.0033478406427854	0	0.0278855761857179	0	0.00192211586514435	0	0.00719916489687196	0	0.0182762454499764	0.0101631180446161	0.0119533818109373	0.00402519773783887	0.0172816037328264	0.00738843463698158	0.00616446800641105	0	0.0168998850807815	0.00521335661965957	0	0.00661506912747238	0.00799168864381044	0.0112405860092173	0	0	0.050516825988964	0.0320541358739204
"g__unknown_ Deltaproteobacteria"	0.20677339515649	0.0645289387471458	0.00528031893126345	0	0	0.0769690133368721	0	0.00584055290567507	0.0208433207578631	0.145327713995059	0.429588875909108	0.0210010500525026	0.132026757422838	0	0.0101657009250788	0.0251753281783852	0.631780894416512	0.0424448217317487	0.816870884387764	0.0331914561287047	0.0910017472335469	0.00176881577783674	0.343499819939611	0.0533563697342345	0.144508670520231	0	0	0.0321987991741955	0.111321384838027	0.0419771224682548	0	0.0103099160772831	0.0820438022744365	0	0	0.121328759099657	0.0234348844994978	0.123056994818653	0.0906281226035833	0.843413605593164	0.180678891323569	0.0533586292761013	0.0107987473453079	0	0.662513897561644	0.111794298490777	0.00597669090546867	0.245537062008171	0.0237622051326363	0.00738843463698158	0.527062014548144	0.0184945441094877	0.0270398161292503	0.0886270625342127	0.307836794323281	0.0297678110736257	0.199792216095261	0	0.00372953418118077	0.00738416097470925	0.485738711432346	0.137120470127326
"g__unknown_ Desulfovibrionaceae"	0.607788464550894	0.620470564876403	0.384143202249416	0.388844194153928	0.250757156348715	0.402096742087453	0.369901190777806	0.862454979071352	0.477312045355066	0.628138674934199	0.173342879752798	0.189009450472523	0.475296326722216	0.183109707971586	0.484565077428756	0.212192051789246	0.00661550674781688	0.473423011623351	0.339668250395932	0.228435315709321	0.531450203843914	0.500574865127797	0.551261807806311	0.45479953249657	0.856911063786635	0.314257736888849	0.475723184572062	0.325776085762449	0.0779249693866191	0.178402770490083	0.276432248738302	0.767057756149865	0.503657786184735	0.137155855885993	0.533425701420159	1.29696259727219	0.16739203213927	0.37240932642487	0.0534473543559594	0.972145155920541	0.11917118363895	0.13636094148337	0.230373276699903	0.420471437672542	0.901628108865502	0.350627572539255	0.362585914931766	0.39245677943929	0.602695930182321	0.440843266673234	0.138700530144249	0.284815979286111	0.256878253227878	0.662096290696765	0.0391317958885527	1.05179599126811	0.665974053650869	0.23230544419049	0.3878715548428	0.299058519475724	0.50516825988964	0.503962247351082
"g__unknown_ Enterobacteriaceae"	0	0	0	0	0	0	0	0	0	0.00322950475544575	0	0	0	0	0	0	0	0	0	0	0.00364006988934188	0	0	0	0	0	0	0	0	0	0	0	0	0	0	0	0	0	0	0	0	0	0	0	0	0	0	0	0.0021602004666033	0	0	0	0	0	0	0	0	0	0	0	0	0
"g__unknown_ Erysipelotrichaceae"	0.0250634418371503	0.0421919984115953	0.319459295341439	0.00335210512201663	0.00976975933826163	0.404750845995621	0.101342791993919	0.0253090625912587	0.0166746566062905	0.0968851426633726	0.227983570109658	0.164508225411271	0.0792160544537026	0.0220994475138122	0.0372742367252889	0.269735659054127	0.132310134956338	0.111009533759958	1.51287821955489	0.0507634034909602	0.101921956901573	0.0283010524453878	0.0277015983822267	0.139742873113471	0.243383024034074	0.00910891990982169	0.0127997269391586	0.0719737863893782	0.2031615273294	0.0603421135481163	0.0152164540589891	0.14021485865105	0.325896214590123	0.0602147659987288	0.0796674748874264	1.10451008283826	0.050217609641781	0.0647668393782383	0.151046871005972	0.193097325491067	0.257563525929343	0.0355724195174008	0.0107987473453079	0.0594606073476322	0.106611431791529	0.157528329691549	0.0776969817710928	0.0362267796405498	0.0324030069990495	0.0492562309132105	0.280483294291703	0.0628814499722581	0.00337997701615629	0.0417068529572765	1.75049566941459	0.0727657604021962	0.210447800953674	0.0824309640675934	0.0671316152612539	0.0479970463356101	0.299215046242325	0.058765915768854
"g__unknown_ Firmicutes"	0.369685767097967	0.558423508388762	0.279856903356963	0.341914722445696	0.130263457843488	0.517550262092761	0.99315936154041	0.311496154969337	0.170915230214478	0.0855818760193125	0.342917436032709	0.588029401470073	0.610257012087783	0.189423835832675	0.420182304903257	0.614997302643409	0.532548293199259	0.372208436724566	0.841877135950654	0.138623140302238	0.46592894583576	0.371451313345715	0.789495553893459	0.645357995833121	0.441131731061758	0.148019948534603	0.253861250959979	0.482981987612933	0.331181119893131	0.802812467205374	0.213030356825848	0.820669319751737	0.426171972925545	0.190680092329308	0.436439210252858	0.19663626474772	0.281218613993974	0.667098445595855	0.650663444333418	0.410609255354566	0.482451082151232	1.20649789529851	0.223174111803031	0.195370566999363	0.348771684003717	0.536104476853499	0.195238569578643	0.869442711373196	0.529249114317809	0.265983646931337	0.61952903464431	0.310708341039394	0.577976069762725	0.495268878867659	0.545236356047167	0.304293179863729	0.916380297823597	0.502079508411705	0.469921306828777	0.19937234631715	0.485738711432346	0.582316801709555
"g__unknown_ Lachnospiraceae"	40.4993890786052	49.8883152983222	48.9907990442623	60.7904263877715	68.6455856970722	57.8276159511645	49.4096782366354	48.6031344300594	67.3093357233675	58.7333882349142	43.8142970192561	41.837591879594	51.8249031803779	43.9368587213891	53.9053234387178	48.5164538752023	24.4773749669225	48.2401723912759	23.8976410769359	38.5743293373423	39.0215492137449	71.0214911117007	35.0425219535167	55.9378017175669	35.8102626508468	63.2477853938469	52.4810137383736	51.1695740288274	18.6435489257486	44.3068527652429	45.3120641119931	45.5863249273151	57.0204425807334	48.114943297762	29.722895739522	16.258053719354	44.087713424841	46.0589378238342	43.0623010247949	28.403062923094	16.8646446007765	50.5469259500801	38.8646916957633	54.1133998725844	36.0620783137118	38.3149550282027	33.2224325131985	39.89574737859	56.8629568823987	52.5194562112107	27.7863395388978	51.0190493804328	50.8280943689583	43.6253681933113	11.4186580402797	46.589931864788	42.4998002077839	51.4069466821537	53.847014507888	56.0420897175558	30.5937670008549	36.3191167304781
"g__unknown_ Nocardioidaceae"	0	0	0	0	0	0	0	0	0	0	0	0	0	0	0	0	0	0	0	0	0	0	0	0	0	0	0	0	0	0	0	0	0	0	0	0	0	0	0	0	0	0	0	0	0	0.00254077951115402	0	0	0	0	0	0.00369890882189754	0	0	0	0	0	0	0	0	0	0
"g__unknown_ Peptostreptococcaceae"	0.00313293022964379	0	0	0	0	0	0	0.0116811058113501	0	0.363319284987647	0	0	0	0	0	0	2.27904207462292	0	0.489705759773277	0	0	0	0	0	0.471554609066018	0	0	0.0113642820614808	0.590003339641545	0	0	0.032991731447306	0	0	0.990647731208867	0.23010626725797	0	0	0.964376176422745	0.363999556098102	0.403644331680314	0	0	0	0.261959518116328	0.00762233853346207	0	0	0	0	0	0	0	0.00260667830982978	1.5391839716164	0	0	0	0	0	1.49996114090309	0.00534235597898673
"g__unknown_ Porphyromonadaceae"	15.2072433346909	6.99890797180582	6.03540453843412	1.93081255028158	1.11375256456183	8.29938292084134	5.76133772485432	14.1555533923878	2.6200054192634	3.50724216441409	16.795417718657	8.70493524676233	6.18765403121699	3.16337805840569	9.24401070787164	1.23359108074087	2.67597247949193	9.12890165861303	10.4880386763358	13.4562068022961	13.8322655794991	2.55416998319625	8.91437435940054	6.86010468011585	12.2528141162154	4.31307357730057	5.36308558750746	6.68977404019168	14.5914505176444	6.45398257949417	2.38644721158479	8.79435841392251	8.90631053579161	5.81741544843274	8.41011430550745	1.58145761860932	1.83796451288919	7.53562176165804	3.01164222805754	13.1838863611142	12.2304232499135	7.66585640599988	6.49364673697851	3.89466978126991	6.17737096209203	10.821179938005	10.6683932662616	7.51303157767625	6.37907197787955	3.2755393557285	17.3468129700407	2.94063251340855	5.99607922666126	13.5078070015379	12.2899926953981	17.5497783951842	7.55747356083007	13.7247555172543	6.31410136873904	1.55805796566365	4.50765524209217	10.7506010150476
"g__unknown_ Ruminococcaceae"	3.54021115949748	4.81236970118138	7.05978641109924	5.64829713059802	2.28612368515322	6.2212195607458	4.54522422092729	2.9124890489633	2.32403026450174	1.97161265319963	3.94731883784904	3.80819040952048	4.37448656261002	5.46487766377269	5.11334756531463	3.19367020320086	6.64527652818206	4.25427713203604	3.5279653246645	2.96575422702956	5.17981945253348	2.97337932254356	4.89764259397767	5.35342243000153	3.68370347834905	4.11040010930704	4.6719003327929	3.49262268689509	3.33407547589892	3.46573617378529	4.59029697446172	5.0250530960678	5.84789990656123	3.6463386077008	5.55247661932802	2.57719019328926	5.8486776029461	6.13018134715026	5.61197220737574	2.66563089557208	3.53477107600046	1.87792731368945	4.14671898059825	4.34062433637715	2.55105926072587	4.08557345393567	3.87488793704552	4.65312858494174	4.54938218266655	2.69431583095262	3.99765750215756	4.27963750693545	4.80632731697424	4.14461851262936	2.29051445267662	2.9701660382351	8.66299048989052	3.04619880849788	5.14675717002946	6.49436957725678	3.66829874873708	5.20167393820674
"g__unknown_ Staphylococcaceae"	0	0	0	0	0	0	0	0	0	0	0	0	0	0	0	0	0	0	0	0	0	0	0	0	0	0	0	0	0	0	0	0	0	0	0	0	0	0	0	0	0	0	0	0	0	0	0	0	0	0	0	0	0	0	0	0	0	0	0	0	0	0
"g__Vampirovibrio"	0.595256743632319	0.134021642013303	0.047522870381371	0.251407884151247	0.0553619695834826	0.12606993563798	0.461109703572333	0.169376034264577	0.152156241532401	0.221221075748034	0.331612465614048	0.672033601680084	0.234714235418378	0.489344909234412	0.0474399376503677	0.176227297248696	1.05186557290288	0.205694136084628	0.154205217971159	0.486157210355734	0.131042516016308	0.0831343415583267	0.803346353084573	0.0558971492453885	0.291552580874151	0.0979208890305832	0.40532468640669	0.475405799571945	0.105755315596126	0.514219750236121	0.0887626486774365	0.125780976142854	0.16180861004125	0.448265480212759	0.270176653966055	0.330516274788721	0.468697689989956	0.346502590673575	0.820300699463203	0.277438686050383	0.126859647099527	0.478745479338353	0.489543212987293	0.152898704608197	0.528488097595151	0.292189643782713	0.364578145233589	0.7144725984664	0.252743454592586	0.241355531474732	0.151029466157071	0.0776770852598483	0.162238896775502	0.208534264786383	0.0756548053845351	0.0727657604021962	0.372945470044487	0.206077410168983	0.082049751985977	0.14399113900683	0.264241859019196	0.550262665835634
"g__Vibrio"	0	0	0	0	0	0	0	0	0	0	0	0	0	0	0	0	0	0	0	0	0	0	0	0	0	0	0	0	0	0	0	0	0	0	0	0	0	0	0	0	0	0	0	0	0	0	0	0	0	0	0	0	0	0	0	0	0	0	0	0	0	0
